1 -5
2 -46
3 -9
4 -14
5 -25
6 -100009
7 -10
8 -100028
9 -25
10 29
11 19
12 11
13 -6
14 -69
15 17
16 17
17 29
18 11
19 11
20 -6
21 29
22 17
23 -51
24 17
25 -30
26 13
27 100056
28 -30
29 -45
30 31
31 -5
32 31
33 -27
34 -56
35 13
36 -10
37 13
38 37
39 13
40 37
41 -28
42 19
43 -45
44 -9
45 13
46 23
47 31
48 13
49 37
50 -41
51 -34
52 -22
53 -12
54 100065
55 17
56 17
57 11
58 -53
59 23
60 29
61 31
62 17
63 29
64 19
65 11
66 31
67 11
68 -6
69 31
70 19
71 17
72 19
73 -40
74 100018
75 23
76 -21
77 17
78 -27
79 19
80 31
81 -25
82 19
83 100053
84 -39
85 -100067
86 -12
87 29
88 -24
89 -8
90 23
91 100008
92 17
93 19
94 -6
95 23
96 23
97 -59
98 -7
99 29
100 23
101 13
102 -22
103 -100021
104 -14
105 -39
106 23
107 100010
108 -26
109 31
110 -16
111 -14
112 23
113 -21
114 -20
115 17
116 -56
117 -100001
118 -26
119 -27
120 37
121 -25
122 23
123 -9
124 31
125 -100053
126 17
127 -10
128 -32
129 -27
130 -15
131 29
132 -7
133 11
134 -20
135 -65
136 -20
137 19
138 -100008
139 -20
140 -20
141 -100023
142 23
143 29
144 -100050
145 19
146 -8
147 37
148 31
149 29
150 -12
151 -8
152 13
153 23
154 -5
155 -20
156 -100034
157 29
158 -26
159 100006
160 100028
161 -20
162 23
163 -6
164 23
165 -14
166 37
167 13
168 31
169 -7
170 -53
171 31
172 -6
173 100054
174 19
175 -8
176 37
177 -12
178 19
179 -100006
180 -68
181 11
182 29
183 23
184 31
185 37
186 -9
187 -12
188 -28
189 29
190 -51
191 11
192 -100031
193 -100042
194 23
195 -12
196 11
197 13
198 29
199 100072
200 -38
201 -20
202 -12
203 -16
204 29
205 -100043
206 17
207 -100039
208 37
209 -53
210 17
211 13
212 11
213 -6
214 17
215 -61
216 23
217 29
218 -56
219 -41
220 11
221 -42
222 -15
223 -9
224 -27
225 17
226 19
227 -15
228 -8
229 23
230 -28
231 29
232 -20
233 -6
234 37
235 19
236 19
237 11
238 37
239 -46
240 -12
241 37
242 31
243 -48
244 13
245 -16
246 -12
247 -100012
248 -28
249 17
250 -100059
251 -5
252 -21
253 17
254 -38
255 -12
256 -15
257 17
258 -28
259 -9
260 31
261 -41
262 -24
263 -15
264 23
265 17
266 19
267 -48
268 23
269 100033
270 37
271 -5
272 31
273 -38
274 31
275 -18
276 17
277 17
278 31
279 -10
280 -39
281 -18
282 23
283 -26
284 -30
285 -5
286 100045
287 37
288 100037
289 -26
290 -21
291 31
292 13
293 -5
294 -100061
295 100014
296 -35
297 -14
298 31
299 31
300 29
301 29
302 19
303 -7
304 17
305 -27
306 31
307 -7
308 -14
309 23
310 29
311 37
312 37
313 37
314 -32
315 17
316 -32
317 13
318 17
319 37
320 -15
321 -25
322 -10
323 -14
324 -8
325 -32
326 100027
327 23
328 19
329 17
330 37
331 31
332 -100022
333 -28
334 17
335 19
336 -8
337 -28
338 17
339 29
340 17
341 -16
342 -18
343 11
344 -6
345 19
346 -12
347 -9
348 -68
349 -18
350 -21
351 -15
352 31
353 -7
354 19
355 11
356 100075
357 -54
358 -30
359 -7
360 -40
361 13
362 11
363 -9
364 -100066
365 37
366 -33
367 13
368 29
369 31
370 -40
371 11
372 23
373 -6
374 31
375 29
376 -100037
377 31
378 -5
379 -5
380 -7
381 -32
382 31
383 31
384 100049
385 -100070
386 37
387 -35
388 29
389 37
390 31
391 -15
392 31
393 -16
394 37
395 -8
396 31
397 -9
398 -42
399 29
400 -14
401 -16
402 23
403 -30
404 -57
405 -100014
406 -9
407 -30
408 29
409 11
410 13
411 -14
412 -16
413 37
414 17
415 23
416 11
417 -5
418 -100025
419 -40
420 19
421 -15
422 17
423 23
424 -100017
425 23
426 -61
427 -16
428 -100013
429 29
430 19
431 -15
432 29
433 13
434 -27
435 -6
436 -15
437 29
438 -100064
439 23
440 31
441 23
442 -35
443 17
444 -7
445 100034
446 23
447 -24
448 37
449 -20
450 -18
451 37
452 17
453 13
454 -35
455 -35
456 -10
457 -24
458 -7
459 -40
460 -18
461 17
462 -41
463 -36
464 -39
465 23
466 -10
467 -14
468 17
469 -18
470 -18
471 -16
472 17
473 29
474 -14
475 -12
476 17
477 17
478 37
479 100057
480 13
481 -100057
482 -12
483 -15
484 -5
485 -40
486 11
487 31
488 13
489 100030
490 19
491 13
492 -38
493 -48
494 -12
495 23
496 -28
497 11
498 -100074
499 11
500 37
501 -18
502 -24
503 29
504 -6
505 -14
506 100038
507 -25
508 -27
509 -18
510 -48
511 100063
512 -33
513 100047
514 37
515 -100055
516 19
517 17
518 11
519 -5
520 -39
521 -16
522 -22
523 13
524 -51
525 -9
526 11
527 -14
528 -8
529 31
530 -12
531 -33
532 -67
533 13
534 -12
535 -5
536 23
537 23
538 31
539 23
540 -27
541 17
542 -100052
543 -20
544 -26
545 -26
546 -20
547 -6
548 -100075
549 19
550 -61
551 -14
552 -16
553 11
554 -20
555 -35
556 100048
557 17
558 -25
559 100001
560 17
561 -64
562 -24
563 -9
564 29
565 23
566 29
567 -20
568 -12
569 -8
570 -33
571 -7
572 37
573 11
574 13
575 37
576 29
577 -43
578 11
579 -8
580 17
581 13
582 -45
583 -25
584 -18
585 -5
586 -6
587 23
588 17
589 -9
590 17
591 -39
592 11
593 -100033
594 13
595 -26
596 31
597 -5
598 23
599 -12
600 -9
601 -10
602 -7
603 -40
604 13
605 100022
606 -5
607 17
608 29
609 -6
610 -39
611 -22
612 37
613 -38
614 11
615 19
616 23
617 -10
618 -100026
619 -12
620 -9
621 29
622 -60
623 13
624 13
625 -27
626 -27
627 11
628 100004
629 -6
630 -28
631 -14
632 11
633 17
634 -38
635 100046
636 100059
637 -27
638 37
639 13
640 31
641 19
642 -30
643 -42
644 -32
645 11
646 13
647 -100004
648 -100063
649 100067
650 31
651 29
652 -100048
653 -48
654 37
655 37
656 -14
657 100020
658 31
659 31
660 -7
661 29
662 -28
663 31
664 -7
665 -6
666 -14
667 29
668 29
669 31
670 31
671 -51
672 19
673 37
674 -100065
675 29
676 -49
677 -34
678 37
679 100052
680 -100032
681 -22
682 23
683 -14
684 -26
685 100074
686 23
687 23
688 -22
689 -12
690 11
691 -7
692 -21
693 -8
694 -34
695 29
696 13
697 100011
698 100044
699 -50
700 29
701 -100044
702 -15
703 100005
704 -22
705 -6
706 17
707 23
708 -47
709 19
710 -61
711 -100020
712 -14
713 29
714 17
715 -18
716 -40
717 -16
718 -15
719 -7
720 -20
721 -16
722 -50
723 -75
724 -21
725 -39
726 17
727 -16
728 -7
729 -33
730 -6
731 -100047
732 37
733 -16
734 37
735 100024
736 -32
737 37
738 29
739 100023
740 19
741 -15
742 -5
743 23
744 -10
745 11
746 -20
747 -100038
748 -34
749 17
750 19
751 -14
752 29
753 -48
754 100013
755 100070
756 29
757 29
758 37
759 17
760 29
761 -8
762 31
763 31
764 19
765 11
766 -47
767 -10
768 -5
769 11
770 17
771 11
772 29
773 -7
774 -15
775 -8
776 -43
777 11
778 -10
779 17
780 37
781 -21
782 -25
783 -33
784 31
785 -5
786 23
787 -8
788 -21
789 -22
790 13
791 11
792 -12
793 -5
794 11
795 -8
796 17
797 31
798 -40
799 100073
800 23
801 13
802 13
803 -33
804 37
805 -57
806 -16
807 37
808 29
809 23
810 -26
811 37
812 -7
813 17
814 23
815 37
816 -21
817 100040
818 -6
819 -100030
820 -38
821 -49
822 -78
823 13
824 -42
825 13
826 23
827 -7
828 -5
829 -15
830 -9
831 31
832 -16
833 -22
834 11
835 13
836 31
837 19
838 -18
839 -6
840 17
841 -81
842 -14
843 23
844 17
845 -41
846 -15
847 -57
848 -5
849 23
850 37
851 13
852 -28
853 19
854 -18
855 -5
856 -5
857 -12
858 -7
859 -5
860 100009
861 13
862 37
863 -8
864 -100036
865 37
866 -36
867 29
868 -33
869 29
870 -21
871 17
872 -20
873 -21
874 23
875 -27
876 23
877 -30
878 19
879 -6
880 -15
881 37
882 -9
883 -100049
884 -16
885 100029
886 -7
887 100017
888 -16
889 19
890 13
891 -100068
892 -9
893 19
894 -10
895 11
896 23
897 -69
898 11
899 -16
900 -10
901 -30
902 31
903 37
904 -6
905 -18
906 -24
907 -41
908 -53
909 -15
910 29
911 19
912 -14
913 -7
914 -15
915 -8
916 37
917 -28
918 -38
919 -16
920 13
921 19
922 29
923 19
924 -58
925 -73
926 17
927 -14
928 19
929 -22
930 -21
931 100025
932 11
933 -26
934 11
935 37
936 37
937 -24
938 11
939 23
940 23
941 -6
942 17
943 29
944 19
945 37
946 11
947 100032
948 13
949 19
950 11
951 29
952 -5
953 13
954 13
955 -28
956 37
957 37
958 -8
959 -27
960 37
961 -6
962 31
963 -9
964 -10
965 17
966 29
967 -8
968 19
969 -100045
970 -33
971 37
972 -36
973 -20
974 11
975 23
976 -12
977 29
978 23
979 -46
980 -21
981 -9
982 -47
983 37
984 -28
985 -6
986 23
987 23
988 11
989 -20
990 31
991 -6
992 23
993 11
994 -42
995 29
996 13
997 37
998 -27
999 100055
1000 -34
1001 17
1002 100031
1003 31
1004 23
1005 -9
1006 -14
1007 -27
1008 17
1009 17
1010 -100011
1011 -12
1012 29
1013 29
1014 -15
1015 29
1016 23
1017 -38
1018 31
1019 -6
1020 -18
1021 -43
1022 23
1023 17
1024 -7
1025 100019
1026 19
1027 31
1028 17
1029 31
1030 23
1031 -22
1032 -20
1033 -12
1034 29
1035 -44
1036 -100062
1037 -5
1038 -10
1039 -100007
1040 -38
1041 -38
1042 -100035
1043 -54
1044 -10
1045 -10
1046 17
1047 -8
1048 13
1049 31
1050 37
1051 100007
1052 19
1053 -100058
1054 -40
1055 11
1056 37
1057 31
1058 -8
1059 -5
1060 -100024
1061 31
1062 11
1063 13
1064 -25
1065 11
1066 17
1067 17
1068 19
1069 13
1070 -100040
1071 31
1072 100002
1073 29
1074 -15
1075 37
1076 11
1077 -24
1078 -51
1079 -27
1080 -6
1081 -15
1082 37
1083 31
1084 23
1085 17
1086 13
1087 -14
1088 -7
1089 29
1090 17
1091 -18
1092 -54
1093 23
1094 -33
1095 -22
1096 29
1097 -100051
1098 -33
1099 11
1100 17
1101 13
1102 -9
1103 -16
1104 -15
1105 -25
1106 -54
1107 23
1108 100021
1109 -24
1110 23
1111 -27
1112 17
1113 19
1114 -100046
1115 29
1116 23
1117 37
1118 -42
1119 -32
1120 17
1121 -28
1122 100016
1123 -100016
1124 -100003
1125 11
1126 23
1127 11
1128 -100071
1129 23
1130 11
1131 37
1132 -46
1133 23
1134 -24
1135 -6
1136 31
1137 31
1138 -28
1139 13
1140 37
1141 100041
1142 -8
1143 -22
1144 -10
1145 23
1146 37
1147 13
1148 31
1149 -6
1150 -33
1151 -49
1152 -30
1153 19
1154 31
1155 -100029
1156 -10
1157 13
1158 -27
1159 -8
1160 13
1161 -47
1162 37
1163 37
1164 -21
1165 29
1166 11
1167 100003
1168 29
1169 31
1170 -21
1171 -20
1172 -18
1173 -21
1174 -14
1175 -100041
1176 -38
1177 13
1178 31
1179 -28
1180 -5
1181 11
1182 -100015
1183 -7
1184 100012
1185 -25
1186 29
1187 -28
1188 13
1189 -53
1190 29
1191 13
1192 37
1193 100043
1194 19
1195 23
1196 23
1197 29
1198 11
1199 -18
1200 -25
1201 11
1202 17
1203 37
1204 -16
1205 11
1206 -7
1207 100035
1208 -16
1209 11
1210 -21
1211 -14
1212 37
1213 -26
1214 17
1215 29
1216 19
1217 11
1218 -18
1219 29
1220 17
1221 -6
1222 19
1223 37
1224 23
1225 13
1226 100061
1227 -38
1228 31
1229 13
1230 37
1231 100060
1232 11
1233 37
1234 13
1235 13
1236 31
1237 11
1238 13
1239 -22
1240 11
1241 17
1242 -9
1243 -15
1244 -72
1245 -8
1246 -22
1247 11
1248 -6
1249 13
1250 -8
1251 100050
1252 -6
1253 29
1254 100062
1255 -22
1256 -7
1257 17
1258 -34
1259 37
1260 -21
1261 13
1262 -26
1263 -38
1264 -7
1265 -7
1266 -10
1267 -12
1268 19
1269 37
1270 17
1271 -26
1272 19
1273 -43
1274 100064
1275 -56
1276 11
1277 -27
1278 -7
1279 -22
1280 37
1281 -34
1282 11
1283 -27
1284 -100005
1285 -100060
1286 -100056
1287 19
1288 37
1289 13
1290 13
1291 100036
1292 -21
1293 -40
1294 -28
1295 17
1296 -6
1297 -24
1298 -36
1299 100039
1300 100071
1301 19
1302 -15
1303 -14
1304 23
1305 37
1306 -15
1307 11
1308 19
1309 19
1310 37
1311 23
1312 17
1313 29
1314 -16
1315 -27
1316 13
1317 11
1318 11
1319 -100027
1320 -22
1321 -26
1322 -41
1323 19
1324 -100018
1325 23
1326 -14
1327 11
1328 -5
1329 -16
1330 37
1331 17
1332 17
1333 11
1334 13
1335 -9
1336 -35
1337 -50
1338 11
1339 -15
1340 -28
1341 100026
1342 29
1343 19
1344 -28
1345 -12
1346 29
1347 -33
1348 19
1349 11
1350 -7
1351 -26
1352 17
1353 17
1354 23
1355 -15
1356 100051
1357 17
1358 37
1359 17
1360 -42
1361 13
1362 23
1363 17
1364 -28
1365 -24
1366 -100073
1367 -100054
1368 19
1369 29
1370 11
1371 100066
1372 -7
1373 29
1374 29
1375 -16
1376 -40
1377 31
1378 100042
1379 -25
1380 23
1381 17
1382 -8
1383 -58
1384 -10
1385 29
1386 -21
1387 37
1388 11
1389 -45
1390 19
1391 -100019
1392 -49
1393 17
1394 -12
1395 19
1396 -100010
1397 13
1398 37
1399 -5
1400 29
1401 11
1402 -6
1403 -15
1404 -44
1405 31
1406 37
1407 -45
1408 31
1409 29
1410 -65
1411 -36
1412 11
1413 23
1414 -14
1415 -22
1416 -5
1417 -34
1418 -7
1419 -12
1420 -12
1421 -27
1422 -18
1423 37
1424 19
1425 19
1426 13
1427 -15
1428 13
1429 13
1430 100015
1431 -39
1432 -5
1433 -18
1434 -8
1435 -48
1436 37
1437 100058
1438 19
1439 31
1440 23
1441 -8
1442 17
1443 -35
1444 -10
1445 17
1446 29
1447 100068
1448 13
1449 19
1450 31
1451 -22
1452 -10
1453 -48
1454 37
1455 29
1456 -21
1457 -8
1458 -55
1459 -8
1460 -32
1461 29
1462 -9
1463 100069
1464 -25
1465 -5
1466 -5
1467 -36
1468 29
1469 13
1470 -34
1471 -46
1472 -39
1473 13
1474 -7
1475 23
1476 29
1477 -36
1478 -7
1479 -100002
1480 -9
1481 17
1482 -15
1483 -9
1484 -22
1485 -20
1486 37
1487 -9
1488 -25
1489 -14
1490 -6
1491 23
1492 -100072
1493 37
1494 13
1495 13
1496 -9
1497 -21
1498 13
1499 -100069
1500 23
