1 -22
2 -5
3 31
4 -100011
5 17
6 -20
7 -8
8 -6
9 -100001
10 -45
11 -12
12 17
13 37
14 -18
15 -64
16 -5
17 -20
18 37
19 -20
20 17
21 19
22 100004
23 13
24 17
25 -15
26 -12
27 31
28 -6
29 19
30 -18
31 11
32 13
33 -16
34 -38
35 11
36 19
37 100007
38 -22
39 -39
40 11
41 17
42 37
43 -15
44 -8
45 -34
46 -12
47 11
48 -28
49 29
50 37
51 23
52 -26
53 -46
54 -21
55 23
56 -7
57 19
58 37
59 13
60 -8
61 100011
62 13
63 -28
64 -50
65 -100019
66 -9
67 100006
68 -10
69 -8
70 -40
71 19
72 23
73 100021
74 -24
75 19
76 19
77 31
78 37
79 -12
80 -100007
81 29
82 -18
83 -16
84 11
85 -32
86 -5
87 23
88 -45
89 -20
90 -6
91 -14
92 31
93 -14
94 -100002
95 17
96 100001
97 -100024
98 -28
99 -100023
100 29
101 23
102 13
103 -25
104 31
105 -10
106 100023
107 -33
108 29
109 -100021
110 31
111 -49
112 -8
113 23
114 11
115 31
116 -26
117 -8
118 -100025
119 13
120 11
121 -7
122 31
123 -91
124 -45
125 17
126 -22
127 11
128 -25
129 -33
130 29
131 23
132 -10
133 -40
134 -100016
135 -30
136 29
137 -12
138 -68
139 37
140 19
141 -16
142 17
143 31
144 17
145 31
146 -36
147 13
148 -100013
149 -6
150 100013
151 13
152 -30
153 37
154 19
155 11
156 -9
157 11
158 17
159 -8
160 -18
161 31
162 -32
163 -58
164 -18
165 -8
166 37
167 -8
168 31
169 100005
170 -22
171 37
172 19
173 -8
174 -26
175 29
176 -100014
177 11
178 37
179 -15
180 31
181 -27
182 29
183 -35
184 17
185 100015
186 100010
187 -6
188 100020
189 23
190 19
191 31
192 -9
193 -15
194 -14
195 -25
196 31
197 13
198 13
199 -36
200 -5
201 -18
202 11
203 -10
204 23
205 29
206 17
207 19
208 37
209 29
210 -15
211 -28
212 -18
213 -16
214 -100012
215 11
216 -15
217 31
218 17
219 19
220 -50
221 13
222 31
223 -16
224 11
225 11
226 11
227 -54
228 -41
229 100019
230 -14
231 19
232 100024
233 -6
234 -14
235 37
236 100014
237 -30
238 11
239 19
240 -26
241 -33
242 -39
243 29
244 37
245 37
246 -9
247 -9
248 17
249 -42
250 19
251 -34
252 29
253 -16
254 29
255 -6
256 -51
257 -36
258 13
259 -21
260 31
261 17
262 29
263 29
264 -9
265 29
266 -27
267 -39
268 23
269 17
270 29
271 29
272 23
273 17
274 -16
275 37
276 -8
277 13
278 -16
279 -100006
280 100002
281 -57
282 31
283 13
284 -14
285 17
286 -10
287 11
288 -100003
289 37
290 23
291 -18
292 37
293 -18
294 17
295 -5
296 -28
297 -24
298 -47
299 19
300 -61
301 13
302 -33
303 -8
304 -8
305 -7
306 17
307 29
308 17
309 -10
310 -14
311 -47
312 -22
313 17
314 19
315 100012
316 -51
317 31
318 13
319 -46
320 -7
321 31
322 -20
323 -100005
324 -24
325 -5
326 -71
327 -7
328 13
329 13
330 -8
331 -41
332 -7
333 13
334 29
335 -44
336 -15
337 100016
338 -5
339 29
340 19
341 13
342 23
343 -24
344 -33
345 17
346 -100010
347 13
348 23
349 -100018
350 -5
351 23
352 19
353 100025
354 -15
355 37
356 -56
357 -7
358 -18
359 -10
360 17
361 -9
362 11
363 100003
364 17
365 31
366 13
367 100009
368 17
369 23
370 -15
371 11
372 -25
373 23
374 -6
375 11
376 37
377 -100015
378 23
379 -32
380 -9
381 -14
382 -16
383 37
384 31
385 -6
386 -38
387 -5
388 11
389 31
390 13
391 11
392 23
393 100018
394 17
395 -5
396 -5
397 -12
398 11
399 23
400 -5
401 17
402 17
403 -100008
404 100008
405 -100009
406 -27
407 100022
408 11
409 -14
410 17
411 -14
412 17
413 -26
414 -100022
415 37
416 -100020
417 -16
418 -8
419 37
420 37
421 -48
422 -27
423 -14
424 -15
425 23
426 -100017
427 37
428 -25
429 11
430 -26
431 31
432 -8
433 -5
434 -8
435 13
436 19
437 17
438 -16
439 23
440 -55
441 11
442 -30
443 -24
444 11
445 -16
446 -43
447 13
448 31
449 11
450 -33
451 -14
452 -100004
453 -28
454 31
455 -25
456 -46
457 -34
458 11
459 -5
460 13
461 11
462 31
463 -10
464 -35
465 -34
466 -12
467 31
468 -14
469 100017
470 -5
471 37
472 -25
473 17
474 -8
475 17
476 -24
477 19
478 17
479 37
480 37
481 29
482 37
483 13
484 -27
485 29
486 29
487 -12
488 11
489 -14
490 -57
491 -16
492 -8
493 -30
494 -40
495 29
496 19
497 23
498 23
499 -21
500 19
