1 -253
2 -208
3 -248
4 242
5 429
6 228
7 108
8 372
9 277
10 -314
11 553
12 -350
13 -458
14 -396
15 71
16 -190
17 426
18 -211
19 417
20 490
21 375
22 590
23 262
24 -426
25 199
26 45
27 24
28 347
29 146
30 335
31 445
32 -425
33 143
34 -198
35 427
36 -64
37 167
38 111
39 19
40 287
41 362
42 435
43 68
44 -262
45 1575
46 222
47 3
48 -194
49 -53
50 -1
51 -459
52 -334
53 -446
54 -197
55 -110
56 345
57 237
58 354
59 -300
60 -195
61 -462
62 -814
63 108
64 119
65 -284
66 414
67 471
68 -399
69 42
70 72
71 310
72 -246
73 239
74 -95
75 392
76 313
77 -43
78 279
79 7
80 -157
81 566
82 -213
83 -456
84 195
85 -375
86 -271
87 420
88 -128
89 92
90 499
91 336
92 -163
93 -453
94 1114
95 -115
96 166
97 496
98 441
99 193
100 -142
101 -161
102 -489
103 -51
104 338
105 -71
106 -37
107 318
108 -386
109 -128
110 -287
111 215
112 302
113 -175
114 -437
115 -369
116 142
117 444
118 41
119 -117
120 -341
121 -57
122 -272
123 -334
124 1400
125 -533
126 -764
127 256
128 988
129 181
130 298
131 1102
132 -339
133 80
134 -304
135 420
136 30
137 -174
138 -397
139 188
140 1154
141 117
142 -480
143 341
144 -114
145 485
146 19
147 80
148 161
149 -414
150 -342
151 323
152 -2138
153 -413
154 -321
155 -112
156 11
157 254
158 238
159 270
160 464
161 -265
162 16
163 -295
164 -57
165 104
166 105
167 54
168 -360
169 177
170 397
171 187
172 111
173 -442
174 -333
175 -436
176 -424
177 -165
178 235
179 -374
180 -111
181 -297
182 -17
183 -424
184 -324
185 -471
186 143
187 339
188 359
189 77
190 137
191 355
192 292
193 -790
194 434
195 284
196 128
197 -286
198 -563
199 413
200 43
201 -113
202 63
203 426
204 -1979
205 -324
206 -445
207 -404
208 -347
209 358
210 12
211 432
212 196
213 -212
214 -317
215 228
216 -337
217 3
218 -89
219 -291
220 -194
221 270
222 -91
223 -28
224 384
225 -476
226 37
227 867
228 224
229 423
230 36
231 58
232 -102
233 96
234 380
235 -145
236 139
237 332
238 28
239 -198
240 86
241 142
242 328
243 -359
244 47
245 -144
246 45
247 -89
248 -493
249 436
250 258
251 -280
252 219
253 -361
254 -297
255 93
256 330
257 -291
258 -432
259 -35
260 90
261 -394
262 -172
263 -211
264 -111
265 -468
266 371
267 -58
268 -465
269 -278
270 420
271 -320
272 427
273 -329
274 253
275 -28
276 171
277 303
278 -88
279 -106
280 -99
281 -127
282 1213
283 489
284 -481
285 -372
286 11
287 -425
288 -30
289 374
290 986
291 -203
292 205
293 -391
294 299
295 22
296 440
297 -458
298 -132
299 756
300 1184
301 -6
302 211
303 -31
304 -210
305 358
306 -23
307 -158
308 428
309 265
310 -342
311 -449
312 -105
313 178
314 -117
315 -204
316 90
317 448
318 -241
319 -449
320 -124
321 463
322 430
323 -230
324 11
325 -489
326 241
327 -313
328 -245
329 -264
330 226
331 -48
332 235
333 240
334 -390
335 -146
336 317
337 196
338 -185
339 141
340 -406
341 49
342 46
343 408
344 -161
345 -116
346 -56
347 -102
348 -244
349 -163
350 433
351 241
352 -14
353 199
354 452
355 -126
356 73
357 -346
358 -263
359 -111
360 -707
361 121
362 156
363 9
364 -145
365 -74
366 1203
367 -283
368 295
369 -166
370 71
371 -18
372 -398
373 -561
374 221
375 -410
376 -4
377 231
378 -7
379 80
380 157
381 -161
382 354
383 38
384 -201
385 -332
386 50
387 -311
388 -309
389 -48
390 167
391 -165
392 -817
393 117
394 -338
395 -351
396 272
397 723
398 -353
399 79
400 -165
401 143
402 -55
403 215
404 294
405 -991
406 -439
407 331
408 203
409 -411
410 192
411 86
412 251
413 418
414 173
415 -366
416 52
417 -355
418 113
419 -247
420 -234
421 -436
422 -60
423 69
424 -382
425 257
426 364
427 -411
428 408
429 -438
430 446
431 380
432 -265
433 -129
434 459
435 170
436 -402
437 -78
438 344
439 -158
440 -121
441 79
442 -246
443 458
444 222
445 314
446 -101
447 -256
448 109
449 164
450 274
451 422
452 -274
453 255
454 538
455 112
456 181
457 1567
458 428
459 -184
460 174
461 -222
462 -1223
463 934
464 307
465 -318
466 -304
467 221
468 -388
469 334
470 -102
471 -128
472 -292
473 -323
474 128
475 226
476 87
477 -37
478 -768
479 -358
480 -382
481 287
482 497
483 444
484 -747
485 94
486 214
487 -468
488 96
489 491
490 -392
491 279
492 27
493 330
494 1
495 -1311
496 -181
497 322
498 -30
499 459
500 -807
501 82
502 -90
503 178
504 348
505 -238
506 23
507 -393
508 343
509 318
510 463
511 -463
512 -84
513 77
514 571
515 -283
516 -191
517 -327
518 473
519 -234
520 -449
521 -287
522 -23
523 -243
524 102
525 145
526 -134
527 160
528 -113
529 356
530 140
531 -133
532 52
533 193
534 -348
535 342
536 -159
537 112
538 -231
539 123
540 231
541 -731
542 -388
543 -1037
544 -307
545 380
546 -251
547 -358
548 203
549 -371
550 -51
551 -382
552 -421
553 100
554 156
555 330
556 201
557 -85
558 60
559 -52
560 -235
561 -429
562 26
563 -500
564 475
565 -396
566 -112
567 130
568 -470
569 167
570 -260
571 372
572 95
573 -182
574 400
575 -203
576 -74
577 -62
578 -172
579 388
580 152
581 -34
582 111
583 70
584 118
585 347
586 -492
587 200
588 -480
589 -226
590 -415
591 -308
592 107
593 -286
594 134
595 432
596 -332
597 252
598 52
599 -80
600 -87
601 71
602 397
603 -223
604 -385
605 -240
606 287
607 323
608 -337
609 -187
610 -487
611 1902
612 -131
613 -3
614 -55
615 186
616 -189
617 -154
618 264
619 12
620 -294
621 307
622 -251
623 461
624 255
625 -31
626 -307
627 -496
628 118
629 -188
630 322
631 -340
632 229
633 421
634 448
635 249
636 232
637 184
638 488
639 96
640 -444
641 -482
642 -117
643 196
644 291
645 -208
646 291
647 380
648 109
649 -30
650 -1264
651 -135
652 -210
653 13
654 65
655 -348
656 -37
657 261
658 -408
659 -199
660 36
661 -25
662 411
663 -482
664 204
665 -92
666 -245
667 190
668 26
669 463
670 399
671 -318
672 496
673 -456
674 -21
675 9
676 -292
677 -271
678 -207
679 -102
680 -589
681 -306
682 -1328
683 28
684 496
685 482
686 366
687 -278
688 115
689 126
690 414
691 -309
692 1161
693 -431
694 -20
695 671
696 -196
697 278
698 -452
699 -177
700 63
