1 -43
2 23
3 -34
4 -16
5 -5
6 -100006
7 -5
8 -41
9 -32
10 13
11 29
12 -27
13 19
14 37
15 -6
16 37
17 31
18 -36
19 23
20 -27
21 29
22 11
23 -12
24 -100023
25 -30
26 -18
27 19
28 100004
29 23
30 31
31 11
32 -8
33 -20
34 19
35 -27
36 -16
37 -14
38 -16
39 -32
40 19
41 13
42 -6
43 -22
44 -26
45 -100028
46 -24
47 11
48 -12
49 29
50 -34
51 -44
52 19
53 -100015
54 -10
55 100017
56 19
57 29
58 100009
59 -26
60 -15
61 29
62 -32
63 -5
64 -14
65 100025
66 37
67 -14
68 -46
69 17
70 19
71 37
72 23
73 29
74 31
75 31
76 -100022
77 29
78 -16
79 31
80 -39
81 -6
82 -26
83 11
84 -22
85 -100009
86 -39
87 -39
88 11
89 -16
90 17
91 13
92 -38
93 -24
94 -21
95 31
96 100015
97 23
98 -12
99 19
100 11
101 -10
102 -16
103 29
104 23
105 13
106 -9
107 31
108 -21
109 -51
110 17
111 -16
112 -24
113 37
114 -100018
115 31
116 17
117 31
118 -15
119 -5
120 31
121 -36
122 -18
123 19
124 29
125 19
126 100006
127 -100030
128 -16
129 -14
130 -7
131 29
132 29
133 -15
134 31
135 -58
136 -12
137 11
138 -20
139 29
140 100026
141 -100010
142 29
143 100019
144 -7
145 100016
146 19
147 17
148 -18
149 -15
150 -46
151 37
152 -27
153 -100005
154 37
155 19
156 29
157 -8
158 31
159 37
160 13
161 -20
162 -21
163 11
164 11
165 37
166 -22
167 -12
168 -62
169 13
170 -9
171 -8
172 -8
173 -12
174 -100002
175 -36
176 29
177 -100007
178 37
179 23
180 31
181 -28
182 -33
183 23
184 -5
185 19
186 17
187 31
188 -20
189 -25
190 -82
191 -45
192 11
193 17
194 -5
195 -21
196 29
197 11
198 -6
199 31
200 -12
201 -48
202 13
203 -14
204 -5
205 -100012
206 19
207 37
208 100024
209 100003
210 11
211 37
212 -26
213 19
214 -100017
215 17
216 -28
217 37
218 23
219 -20
220 11
221 11
222 31
223 -20
224 100022
225 17
226 29
227 -21
228 -32
229 13
230 -100008
231 -15
232 -38
233 -18
234 -33
235 -16
236 -10
237 -10
238 -7
239 -7
240 19
241 29
242 -44
243 -100024
244 11
245 -10
246 31
247 -100026
248 -40
249 37
250 -9
251 -40
252 -75
253 -100014
254 31
255 19
256 13
257 -100004
258 17
259 31
260 -6
261 100008
262 -78
263 -10
264 -35
265 -8
266 -14
267 17
268 11
269 -9
270 -100011
271 11
272 29
273 -16
274 -15
275 19
276 -26
277 -14
278 -21
279 -8
280 31
281 13
282 -14
283 -24
284 -25
285 -16
286 -7
287 -10
288 29
289 29
290 17
291 19
292 -100029
293 37
294 37
295 23
296 17
297 100030
298 -14
299 29
300 -24
301 29
302 11
303 19
304 23
305 100023
306 37
307 17
308 -7
309 -24
310 -62
311 17
312 17
313 -57
314 -54
315 19
316 100002
317 37
318 -15
319 11
320 29
321 100011
322 100018
323 -53
324 -6
325 37
326 13
327 19
328 -16
329 -8
330 -34
331 29
332 -12
333 13
334 -42
335 13
336 11
337 31
338 100013
339 -6
340 13
341 11
342 -25
343 11
344 23
345 -20
346 -5
347 17
348 -7
349 31
350 23
351 -8
352 17
353 23
354 -5
355 11
356 23
357 -15
358 17
359 -12
360 13
361 -15
362 17
363 -38
364 37
365 -9
366 -33
367 -7
368 11
369 23
370 -35
371 13
372 23
373 -7
374 31
375 29
376 100005
377 -12
378 -40
379 100012
380 -20
381 19
382 -21
383 -34
384 -30
385 -45
386 31
387 -100027
388 -25
389 17
390 -18
391 -45
392 100007
393 29
394 23
395 -22
396 17
397 -14
398 13
399 -22
400 11
401 -45
402 13
403 -100021
404 29
405 29
406 11
407 -9
408 -24
409 -12
410 -50
411 23
412 17
413 100027
414 -28
415 17
416 -38
417 -22
418 29
419 -9
420 -45
421 37
422 11
423 -9
424 -7
425 -100001
426 29
427 -30
428 31
429 -35
430 23
431 31
432 17
433 -28
434 -22
435 29
436 29
437 37
438 19
439 -35
440 37
441 -24
442 11
443 11
444 23
445 11
446 -100013
447 11
448 23
449 23
450 13
451 31
452 -30
453 -9
454 13
455 19
456 19
457 23
458 11
459 -7
460 -14
461 17
462 -10
463 -44
464 31
465 23
466 -14
467 -34
468 37
469 31
470 37
471 -30
472 23
473 -20
474 100028
475 100001
476 29
477 11
478 -34
479 23
480 -49
481 29
482 29
483 -33
484 -61
485 -15
486 23
487 29
488 -8
489 13
490 29
491 -25
492 -33
493 -15
494 -9
495 11
496 -14
497 -100016
498 37
499 -26
500 -18
501 -34
502 19
503 23
504 23
505 100029
506 23
507 -26
508 -100025
509 -10
510 -8
511 11
512 -30
513 -27
514 19
515 -15
516 23
517 -6
518 17
519 -38
520 13
521 11
522 19
523 31
524 -8
525 -21
526 -55
527 31
528 -30
529 37
530 11
531 17
532 -14
533 -7
534 -18
535 -5
536 -5
537 -9
538 29
539 19
540 11
541 19
542 -12
543 19
544 13
545 -7
546 29
547 -42
548 11
549 23
550 -51
551 100010
552 -39
553 -28
554 -8
555 -18
556 -7
557 31
558 -9
559 -45
560 29
561 13
562 100021
563 -30
564 19
565 -5
566 -5
567 -18
568 37
569 11
570 -33
571 31
572 31
573 13
574 29
575 -30
576 -58
577 29
578 -6
579 17
580 -15
581 -7
582 100014
583 -32
584 19
585 -14
586 -100020
587 37
588 -34
589 -9
590 17
591 -21
592 11
593 -8
594 100020
595 -100003
596 17
597 -6
598 -28
599 -100019
600 -33
