1 17
2 -15
3 -5
4 17
5 11
6 17
7 37
8 -33
9 37
10 37
11 -5
12 11
13 37
14 -7
15 100004
16 19
17 29
18 -16
19 31
20 13
21 11
22 -30
23 -14
24 29
25 -30
26 -30
27 100001
28 17
29 -100003
30 -108
31 -5
32 29
33 100005
34 -30
35 23
36 -100002
37 -100005
38 -10
39 19
40 17
41 -16
42 -25
43 19
44 13
45 17
46 -100004
47 -18
48 31
49 37
50 -44
51 37
52 11
53 29
54 -24
55 -8
56 -50
57 31
58 17
59 17
60 -16
61 11
62 -21
63 -100001
64 11
65 37
66 -24
67 -7
68 -22
69 -9
70 -44
71 100003
72 37
73 -8
74 11
75 19
76 23
77 -9
78 -8
79 31
80 -33
81 29
82 -58
83 -26
84 -9
85 29
86 -46
87 -15
88 -25
89 100002
90 37
91 -69
92 -7
93 37
94 11
95 -25
96 -8
97 -25
98 23
99 -12
100 -14
