1 19
2 -51
3 19
4 -32
5 37
6 17
7 19
8 -100005
9 31
10 11
11 -9
12 -26
13 -7
14 -5
15 -16
16 -27
17 31
18 -7
19 -43
20 11
21 -14
22 -20
23 -100004
24 -18
25 -18
26 19
27 37
28 -100016
29 -9
30 13
31 -15
32 -21
33 -16
34 13
35 -27
36 -22
37 31
38 100008
39 100005
40 23
41 29
42 -25
43 -16
44 -5
45 31
46 -5
47 -100008
48 -14
49 13
50 19
51 13
52 37
53 31
54 29
55 -7
56 100003
57 29
58 -9
59 -18
60 -9
61 -8
62 19
63 17
64 13
65 11
66 100040
67 -53
68 19
69 -22
70 23
71 -36
72 -5
73 37
74 -33
75 17
76 23
77 -10
78 19
79 23
80 13
81 13
82 -22
83 37
84 -9
85 -100038
86 -12
87 -100018
88 11
89 13
90 17
91 19
92 -33
93 19
94 23
95 -28
96 -20
97 31
98 23
99 -57
100 100031
101 -8
102 13
103 -41
104 11
105 29
106 -54
107 31
108 -15
109 -40
110 19
111 17
112 37
113 -10
114 -8
115 13
116 23
117 -57
118 29
119 -26
120 31
121 -54
122 23
123 13
124 29
125 -33
126 31
127 31
128 13
129 17
130 -100021
131 -40
132 19
133 -15
134 -7
135 37
136 100014
137 37
138 -8
139 17
140 17
141 11
142 37
143 100032
144 19
145 -28
146 13
147 100018
148 100023
149 31
150 100006
151 13
152 -18
153 -100039
154 -24
155 37
156 -16
157 37
158 37
159 -8
160 11
161 -6
162 13
163 100020
164 -21
165 19
166 -44
167 29
168 37
169 -54
170 31
171 100039
172 -32
173 -15
174 19
175 -35
176 -9
177 17
178 23
179 -25
180 17
181 -100011
182 -56
183 31
184 -10
185 -34
186 -30
187 29
188 -67
189 -18
190 100033
191 13
192 -16
193 -10
194 -48
195 13
196 29
197 37
198 -100040
199 -6
200 -28
201 -5
202 -42
203 19
204 -26
205 13
206 -16
207 -26
208 13
209 -5
210 31
211 -27
212 -25
213 -15
214 -25
215 31
216 13
217 100010
218 100026
219 19
220 -47
221 11
222 11
223 23
224 -18
225 -26
226 11
227 17
228 -59
229 -5
230 -50
231 -21
232 13
233 11
234 23
235 -40
236 -9
237 23
238 37
239 -30
240 -18
241 29
242 -38
243 -18
244 -8
245 -25
246 -24
247 100030
248 19
249 19
250 23
251 -7
252 23
253 -59
254 19
255 19
256 -100031
257 29
258 -27
259 -20
260 -20
261 -15
262 -15
263 17
264 17
265 17
266 37
267 17
268 -38
269 13
270 -18
271 29
272 19
273 -12
274 -14
275 -16
276 13
277 -16
278 17
279 17
280 -52
281 19
282 -6
283 -100013
284 29
285 37
286 100038
287 -84
288 -8
289 -27
290 29
291 -27
292 13
293 19
294 100017
295 17
296 -22
297 29
298 17
299 -67
300 19
301 100034
302 -10
303 11
304 -10
305 11
306 -27
307 17
308 -72
309 -7
310 -9
311 -36
312 -6
313 -24
314 -12
315 17
316 17
317 -48
318 -9
319 -8
320 -25
321 11
322 100035
323 19
324 11
325 19
326 23
327 19
328 -9
329 -100003
330 37
331 17
332 -10
333 13
334 13
335 -100007
336 100024
337 13
338 100025
339 19
340 37
341 37
342 29
343 -100032
344 -14
345 100015
346 -100006
347 37
348 19
349 -8
350 23
351 -22
352 -22
353 -10
354 -100034
355 29
356 -26
357 -100015
358 -53
359 -15
360 31
361 19
362 29
363 31
364 -32
365 -38
366 29
367 17
368 19
369 -16
370 -16
371 -12
372 31
373 -6
374 31
375 -7
376 -79
377 37
378 -5
379 -6
380 -8
381 -54
382 -100037
383 -62
384 37
385 100009
386 17
387 -100019
388 -8
389 -20
390 11
391 37
392 31
393 29
394 -100036
395 -8
396 13
397 -15
398 31
399 -24
400 23
401 -5
402 19
403 13
404 29
405 19
406 -9
407 11
408 -12
409 -48
410 19
411 -18
412 17
413 -100033
414 -5
415 100036
416 -22
417 -36
418 13
419 19
420 31
421 23
422 -39
423 19
424 29
425 100021
426 -18
427 -16
428 31
429 31
430 -28
431 17
432 -14
433 11
434 -25
435 -18
436 -24
437 29
438 -12
439 -32
440 19
441 -100030
442 -6
443 23
444 11
445 19
446 -52
447 -100024
448 -7
449 17
450 31
451 -10
452 -52
453 -18
454 -6
455 31
456 13
457 37
458 11
459 -21
460 29
461 11
462 -10
463 100001
464 -28
465 -7
466 -7
467 -100023
468 -40
469 29
470 17
471 -9
472 -40
473 -8
474 17
475 13
476 -36
477 -36
478 37
479 -100026
480 -20
481 23
482 -44
483 -9
484 13
485 19
486 29
487 -9
488 -14
489 -12
490 -26
491 29
492 -18
493 -26
494 -18
495 -8
496 -41
497 31
498 -30
499 37
500 13
501 -7
502 11
503 -10
504 37
505 37
506 -33
507 37
508 -25
509 -27
510 31
511 13
512 17
513 -100012
514 -16
515 -33
516 17
517 11
518 -27
519 31
520 -49
521 -5
522 19
523 31
524 -15
525 13
526 31
527 31
528 -100028
529 19
530 -9
531 29
532 37
533 37
534 -28
535 31
536 19
537 13
538 17
539 11
540 17
541 -15
542 -5
543 -48
544 -28
545 17
546 -33
547 -5
548 -14
549 31
550 23
551 100027
552 23
553 -10
554 37
555 37
556 11
557 100002
558 11
559 19
560 11
561 29
562 17
563 -42
564 -7
565 29
566 23
567 -24
568 -47
569 11
570 -12
571 17
572 29
573 31
574 11
575 29
576 -18
577 29
578 -16
579 -18
580 -56
581 11
582 11
583 -55
584 17
585 -7
586 23
587 -18
588 19
589 29
590 13
591 31
592 -15
593 -7
594 -30
595 -10
596 -53
597 -7
598 -100020
599 31
600 37
601 37
602 100037
603 100022
604 37
605 -7
606 11
607 23
608 13
609 -26
610 -20
611 13
612 -10
613 -35
614 17
615 -38
616 -12
617 -12
618 13
619 23
620 23
621 13
622 29
623 19
624 11
625 -20
626 100029
627 23
628 31
629 37
630 -14
631 -30
632 11
633 -7
634 19
635 23
636 31
637 -9
638 -5
639 -8
640 13
641 17
642 100016
643 -10
644 -14
645 -49
646 100007
647 -21
648 -5
649 -44
650 -22
651 -46
652 -14
653 -24
654 31
655 -10
656 -5
657 -100009
658 -100014
659 29
660 -10
661 23
662 -20
663 -6
664 -14
665 -27
666 17
667 -18
668 100004
669 -26
670 -51
671 13
672 17
673 29
674 -7
675 -6
676 37
677 -22
678 -50
679 -26
680 -7
681 -22
682 -8
683 -10
684 -9
685 -32
686 -12
687 37
688 -100017
689 19
690 -30
691 -18
692 37
693 -84
694 100012
695 -100022
696 29
697 -36
698 -33
699 11
700 37
701 -20
702 -55
703 -16
704 -10
705 13
706 -52
707 17
708 19
709 -9
710 23
711 -6
712 23
713 -6
714 -100035
715 -14
716 -20
717 13
718 29
719 37
720 13
721 -14
722 -43
723 11
724 -12
725 -20
726 11
727 23
728 -12
729 -12
730 17
731 -100001
732 31
733 -6
734 -8
735 23
736 -32
737 -32
738 -34
739 -8
740 100019
741 31
742 37
743 -100010
744 19
745 -10
746 -50
747 29
748 100013
749 -40
750 29
751 37
752 -24
753 -26
754 13
755 -100029
756 -68
757 -7
758 13
759 13
760 -58
761 -8
762 -12
763 13
764 -100025
765 17
766 29
767 17
768 19
769 -9
770 -25
771 -7
772 -28
773 17
774 100028
775 -9
776 100011
777 37
778 -24
779 37
780 -35
781 13
782 -40
783 -50
784 -6
785 -100002
786 -18
787 -16
788 17
789 31
790 37
791 31
792 -100027
793 31
794 -5
795 37
796 -9
797 31
798 23
799 -5
800 -7
