1 19
2 100035
3 37
4 -40
5 100004
6 -14
7 17
8 -14
9 23
10 11
11 -40
12 29
13 -24
14 -20
15 37
16 13
17 29
18 17
19 11
20 -9
21 31
22 13
23 37
24 100013
25 100044
26 23
27 -12
28 29
29 29
30 -27
31 13
32 -36
33 -100010
34 23
35 -16
36 19
37 100006
38 -18
39 -12
40 37
41 -5
42 -40
43 -32
44 23
45 17
46 -67
47 29
48 -7
49 -35
50 37
51 31
52 17
53 -6
54 -100016
55 -20
56 -12
57 23
58 17
59 -22
60 19
61 100025
62 -9
63 29
64 -18
65 -5
66 -55
67 -10
68 11
69 -53
70 11
71 -24
72 -20
73 -15
74 11
75 11
76 -21
77 -14
78 -53
79 29
80 -33
81 23
82 100036
83 11
84 -12
85 100040
86 29
87 -26
88 19
89 37
90 11
91 -34
92 100012
93 -34
94 -7
95 17
96 -100009
97 -25
98 13
99 23
100 -40
101 -5
102 -46
103 23
104 11
105 -24
106 -36
107 -6
108 -24
109 13
110 23
111 -49
112 -41
113 13
114 31
115 19
116 100032
117 -18
118 -100007
119 -24
120 -6
121 -14
122 -12
123 29
124 31
125 23
126 -34
127 -7
128 -100017
129 31
130 -6
131 -14
132 29
133 -30
134 19
135 -100004
136 19
137 11
138 11
139 17
140 -100006
141 31
142 29
143 17
144 -9
145 -14
146 19
147 29
148 -12
149 -26
150 -77
151 -18
152 -39
153 100009
154 11
155 31
156 100016
157 -8
158 31
159 -38
160 -26
161 -5
162 -6
163 37
164 -16
165 37
166 -16
167 -40
168 13
169 11
170 -8
171 13
172 -5
173 29
174 -100019
175 29
176 23
177 11
178 37
179 29
180 -15
181 100015
182 -15
183 -41
184 -22
185 -18
186 13
187 11
188 -100043
189 37
190 29
191 -7
192 -100039
193 -66
194 13
195 -100003
196 -100011
197 -16
198 -21
199 -100036
200 13
201 -26
202 29
203 29
204 11
205 -28
206 19
207 11
208 19
209 37
210 17
211 -30
212 -12
213 100045
214 19
215 -22
216 -16
217 -5
218 31
219 -32
220 13
221 13
222 23
223 100050
224 17
225 -5
226 -12
227 23
228 -32
229 -32
230 -34
231 -55
232 -8
233 -67
234 -20
235 -16
236 -28
237 -28
238 11
239 29
240 19
241 31
242 23
243 -6
244 31
245 11
246 23
247 -6
248 -18
249 23
250 -10
251 -10
252 19
253 -16
254 -25
255 31
256 -46
257 13
258 29
259 17
260 29
261 -10
262 29
263 -10
264 -12
265 17
266 -6
267 29
268 100023
269 -22
270 -10
271 17
272 -14
273 11
274 -36
275 -40
276 -49
277 -35
278 -40
279 13
280 37
281 19
282 -5
283 -25
284 -38
285 19
286 -56
287 -48
288 29
289 100020
290 -6
291 17
292 11
293 -16
294 -6
295 31
296 -10
297 23
298 -32
299 -14
300 11
301 17
302 -16
303 37
304 -6
305 -38
306 -27
307 23
308 23
309 11
310 -7
311 -5
312 -73
313 -14
314 37
315 -28
316 -100032
317 -100037
318 29
319 13
320 -12
321 -18
322 29
323 -16
324 -5
325 -15
326 -9
327 -100033
328 17
329 -8
330 -9
331 37
332 100031
333 11
334 -25
335 19
336 37
337 -26
338 37
339 31
340 -8
341 -24
342 100029
343 13
344 -30
345 -12
346 37
347 -24
348 17
349 19
350 -26
351 17
352 -22
353 29
354 -16
355 -5
356 -12
357 -36
358 29
359 -32
360 -5
361 -100014
362 23
363 -100050
364 11
365 37
366 -30
367 17
368 29
369 31
370 -100005
371 -14
372 -53
373 -16
374 -7
375 100046
376 19
377 100049
378 -100015
379 13
380 -25
381 -9
382 -25
383 -5
384 -36
385 37
386 -14
387 -33
388 11
389 29
390 31
391 31
392 11
393 -51
394 -12
395 29
396 -20
397 -39
398 17
399 -33
400 -34
401 -100002
402 37
403 31
404 -10
405 -36
406 -24
407 -8
408 23
409 -30
410 -14
411 29
412 -60
413 -33
414 -10
415 -22
416 -20
417 19
418 -33
419 -51
420 100027
421 -12
422 17
423 -16
424 37
425 100018
426 -10
427 17
428 19
429 19
430 -32
431 -18
432 -14
433 -27
434 -9
435 19
436 -61
437 -34
438 23
439 17
440 23
441 -25
442 -100023
443 19
444 -32
445 23
446 13
447 100008
448 -6
449 -5
450 -34
451 17
452 -20
453 -5
454 -5
455 -8
456 -5
457 19
458 17
459 -8
460 29
461 29
462 -20
463 -9
464 37
465 -100044
466 -22
467 100002
468 -22
469 -24
470 23
471 -20
472 -16
473 -44
474 -7
475 -30
476 19
477 23
478 -22
479 37
480 19
481 37
482 100011
483 17
484 -5
485 -33
486 13
487 -53
488 -64
489 -5
490 13
491 -49
492 29
493 -14
494 37
495 13
496 100039
497 -21
498 17
499 100030
500 23
501 19
502 13
503 -12
504 -100038
505 19
506 -6
507 -46
508 -42
509 23
510 13
511 17
512 23
513 100038
514 -100020
515 -67
516 19
517 -16
518 -45
519 -21
520 -57
521 37
522 29
523 -15
524 100041
525 37
526 100042
527 17
528 17
529 -22
530 -7
531 17
532 -28
533 -8
534 -35
535 -49
536 37
537 17
538 -12
539 23
540 -100008
541 11
542 -8
543 -6
544 -61
545 -5
546 -12
547 13
548 29
549 13
550 -12
551 -34
552 29
553 29
554 -30
555 31
556 31
557 -21
558 100022
559 -27
560 -22
561 -15
562 -100034
563 23
564 13
565 -52
566 -22
567 29
568 -100024
569 13
570 -100045
571 -10
572 100005
573 37
574 17
575 -15
576 31
577 13
578 -21
579 100024
580 11
581 -33
582 -12
583 -24
584 29
585 -14
586 31
587 -5
588 13
589 37
590 17
591 -15
592 29
593 13
594 -20
595 19
596 -12
597 31
598 -5
599 100026
600 13
601 19
602 19
603 -10
604 -6
605 17
606 19
607 -47
608 -15
609 -100026
610 23
611 -30
612 -16
613 -9
614 13
615 -5
616 -10
617 17
618 19
619 -12
620 100014
621 -43
622 -16
623 -7
624 13
625 -25
626 37
627 37
628 11
629 37
630 -34
631 -20
632 -28
633 17
634 -100048
635 -35
636 13
637 -100001
638 37
639 29
640 -47
641 19
642 -15
643 -15
644 29
645 -8
646 -22
647 100019
648 23
649 31
650 29
651 37
652 -26
653 -43
654 -18
655 37
656 19
657 -22
658 19
659 -39
660 -100028
661 29
662 -20
663 -10
664 23
665 31
666 -9
667 29
668 13
669 19
670 100017
671 -5
672 37
673 37
674 13
675 -68
676 -35
677 100003
678 -5
679 37
680 -35
681 19
682 31
683 -14
684 -5
685 -25
686 -9
687 -6
688 -43
689 13
690 -15
691 23
692 37
693 29
694 31
695 -22
696 -100022
697 -18
698 -8
699 -100031
700 -21
701 -6
702 37
703 -38
704 -27
705 11
706 29
707 29
708 -6
709 -32
710 37
711 -7
712 -5
713 -35
714 37
715 13
716 -20
717 29
718 23
719 19
720 100048
721 -7
722 -53
723 100037
724 -9
725 37
726 17
727 -38
728 31
729 -8
730 13
731 31
732 29
733 13
734 -10
735 29
736 11
737 -27
738 -10
739 23
740 -14
741 -25
742 -18
743 -26
744 31
745 -25
746 37
747 -24
748 -15
749 -100041
750 -18
751 31
752 -7
753 17
754 -21
755 23
756 13
757 29
758 -5
759 23
760 29
761 -14
762 17
763 11
764 17
765 23
766 11
767 19
768 -22
769 11
770 31
771 100034
772 -12
773 100010
774 -22
775 -6
776 -38
777 -7
778 37
779 13
780 17
781 100047
782 11
783 -46
784 -100049
785 13
786 17
787 -100027
788 -14
789 -27
790 23
791 -42
792 -9
793 -36
794 37
795 23
796 -24
797 -100012
798 -28
799 19
800 -35
801 13
802 37
803 13
804 17
805 31
806 -40
807 -9
808 -55
809 29
810 23
811 -7
812 23
813 17
814 -100047
815 31
816 -9
817 -5
818 -34
819 -42
820 13
821 -22
822 23
823 -26
824 37
825 11
826 31
827 -6
828 19
829 19
830 -24
831 29
832 -36
833 100007
834 -24
835 31
836 -5
837 29
838 -42
839 -100040
840 19
841 -9
842 -100025
843 100033
844 17
845 13
846 100021
847 17
848 -24
849 19
850 23
851 23
852 -9
853 -5
854 23
855 -7
856 17
857 -12
858 -8
859 13
860 -38
861 17
862 17
863 100001
864 17
865 19
866 -14
867 -14
868 -20
869 37
870 13
871 17
872 17
873 23
874 100043
875 11
876 -44
877 11
878 -7
879 -40
880 29
881 -26
882 17
883 -12
884 -39
885 -9
886 -26
887 -100018
888 23
889 -22
890 31
891 -5
892 -27
893 13
894 -26
895 11
896 31
897 29
898 11
899 -25
900 23
901 11
902 -5
903 -27
904 -26
905 29
906 -20
907 31
908 -100046
909 31
910 29
911 23
912 -12
913 19
914 -9
915 -39
916 19
917 29
918 -34
919 29
920 19
921 -16
922 -5
923 19
924 19
925 -8
926 -100042
927 -42
928 13
929 17
930 31
931 -28
932 23
933 23
934 -14
935 37
936 -42
937 -16
938 13
939 13
940 -27
941 37
942 13
943 100028
944 31
945 11
946 13
947 -20
948 19
949 31
950 31
951 13
952 -59
953 -50
954 31
955 -39
956 -100021
957 -100035
958 -8
959 23
960 11
961 13
962 31
963 -14
964 29
965 -36
966 -21
967 -53
968 19
969 23
970 -21
971 13
972 -20
973 13
974 17
975 31
976 29
977 -100013
978 19
979 23
980 19
981 29
982 19
983 -15
984 19
985 17
986 23
987 -27
988 31
989 -42
990 37
991 -51
992 -26
993 -100030
994 -32
995 17
996 29
997 23
998 -42
999 -100029
1000 31
