1 -118
2 163
3 -305
4 250
5 222
6 -927
7 -32
8 -487
9 -155
10 314
11 -2
12 -4
13 -54
14 -99
15 60
16 -209
17 -447
18 402
19 -236
20 389
21 211
22 -115
23 -363
24 369
25 457
26 268
27 -88
28 127
29 -226
30 143
31 -150
32 -16
33 402
34 -859
35 -491
36 185
37 155
38 -362
39 455
40 -85
41 231
42 168
43 70
44 -206
45 -149
46 -425
47 -272
48 173
49 385
50 -323
51 226
52 360
53 -285
54 -2
55 -28
56 403
57 -9
58 -64
59 237
60 -224
61 79
62 -51
63 112
64 81
65 -84
66 254
67 422
68 282
69 -343
70 -288
71 190
72 76
73 -551
74 -234
75 -18
76 281
77 -326
78 -259
79 -2
80 -10
81 414
82 351
83 -948
84 -219
85 392
86 456
87 -108
88 -117
89 -101
90 75
91 -124
92 -451
93 -98
94 -1
95 390
96 272
97 37
98 315
99 75
100 408
101 282
102 76
103 413
104 -30
105 33
106 116
107 -788
108 217
109 345
110 -1504
111 -225
112 -1784
113 127
114 403
115 -718
116 -25
117 463
118 191
119 392
120 211
121 -683
122 -398
123 75
124 411
125 17
126 -57
127 -30
128 451
129 -209
130 -90
131 -304
132 500
133 234
134 446
135 -23
136 400
137 -293
138 -181
139 149
140 167
141 -755
142 468
143 417
144 115
145 -419
146 -258
147 169
148 -28
149 -279
150 135
151 -39
152 -37
153 -244
154 81
155 -468
156 235
157 168
158 -517
159 69
160 -37
161 498
162 375
163 302
164 -103
165 487
166 -192
167 421
168 70
169 -291
170 12
171 117
172 59
173 30
174 386
175 373
176 -109
177 -3
178 -913
179 151
180 -6
181 -19
182 47
183 148
184 -167
185 345
186 -364
187 373
188 -3
189 76
190 -100
191 -55
192 -281
193 41
194 186
195 -92
196 403
197 -167
198 41
199 -45
200 -458
201 -27
202 325
203 -6
204 402
205 -129
206 -86
207 452
208 286
209 178
210 49
211 -4
212 -213
213 -3
214 484
215 345
216 -3
217 -135
218 225
219 -8
220 428
221 -50
222 -24
223 58
224 183
225 310
226 -79
227 -120
228 -86
229 399
230 -1028
231 -1025
232 -58
233 249
234 429
235 43
236 -2
237 88
238 326
239 349
240 -395
241 378
242 -241
243 344
244 246
245 -92
246 -106
247 -215
248 118
249 404
250 324
251 -686
252 149
253 204
254 -43
255 -46
256 -76
257 -666
258 -488
259 -66
260 275
261 -128
262 466
263 364
264 -328
265 -190
266 243
267 -204
268 335
269 -40
270 -151
271 471
272 62
273 -320
274 451
275 383
276 363
277 -22
278 -62
279 -160
280 -97
281 94
282 -74
283 314
284 266
285 -198
286 -43
287 -1204
288 350
289 -32
290 -815
291 174
292 -1115
293 -34
294 -3
295 326
296 240
297 -12
298 -8
299 -469
300 200
