1 100034
2 19
3 11
4 31
5 11
6 -24
7 -7
8 -15
9 -21
10 29
11 31
12 -20
13 17
14 100029
15 -41
16 -12
17 17
18 -8
19 -9
20 -9
21 -5
22 13
23 -7
24 -46
25 -28
26 37
27 -6
28 -16
29 17
30 31
31 17
32 -6
33 37
34 -8
35 11
36 -18
37 19
38 -16
39 -7
40 13
41 11
42 -100058
43 37
44 -8
45 -6
46 31
47 13
48 29
49 37
50 31
51 -7
52 -22
53 13
54 -100054
55 -8
56 -35
57 13
58 -9
59 13
60 -7
61 11
62 -20
63 19
64 13
65 -8
66 -7
67 31
68 -34
69 -14
70 -100034
71 23
72 -48
73 19
74 23
75 -7
76 -21
77 -25
78 -40
79 17
80 11
81 -5
82 -16
83 31
84 23
85 23
86 -43
87 -30
88 -18
89 -42
90 19
91 31
92 -51
93 -100046
94 29
95 -20
96 -24
97 -21
98 11
99 23
100 -9
101 -6
102 -10
103 -25
104 -100005
105 31
106 -5
107 -22
108 37
109 37
110 -38
111 -22
112 31
113 11
114 29
115 23
116 -6
117 -15
118 -100021
119 13
120 13
121 -14
122 -100057
123 17
124 11
125 13
126 29
127 -16
128 -25
129 -5
130 -38
131 31
132 11
133 37
134 -16
135 37
136 11
137 17
138 -46
139 -20
140 11
141 11
142 29
143 11
144 -30
145 -25
146 -18
147 -7
148 -27
149 -35
150 -7
151 11
152 -28
153 -45
154 37
155 -9
156 100061
157 -10
158 11
159 31
160 37
161 -21
162 23
163 -100012
164 31
165 37
166 13
167 -100013
168 100023
169 -22
170 31
171 37
172 -21
173 31
174 -10
175 -25
176 37
177 19
178 -33
179 37
180 -25
181 -21
182 -100008
183 -22
184 11
185 -39
186 13
187 23
188 23
189 17
190 -100064
191 -9
192 23
193 19
194 -100001
195 -35
196 -39
197 37
198 23
199 23
200 19
201 -25
202 -38
203 -21
204 -7
205 37
206 -6
207 37
208 23
209 19
210 13
211 -24
212 17
213 -9
214 -28
215 37
216 -28
217 -8
218 -12
219 100025
220 31
221 31
222 37
223 23
224 37
225 17
226 -100002
227 11
228 -21
229 -28
230 -53
231 -53
232 37
233 -7
234 -14
235 -18
236 -9
237 -25
238 -8
239 19
240 -5
241 -45
242 -6
243 23
244 13
245 31
246 23
247 100063
248 -12
249 -100063
250 -8
251 17
252 -32
253 -49
254 31
255 11
256 -47
257 13
258 -6
259 37
260 100020
261 100007
262 -9
263 19
264 19
265 -5
266 -100004
267 17
268 -24
269 -38
270 19
271 -10
272 -25
273 -6
274 37
275 11
276 29
277 -15
278 -5
279 13
280 11
281 -28
282 19
283 31
284 -100039
285 100048
286 -22
287 11
288 29
289 37
290 11
291 37
292 37
293 -24
294 -7
295 13
296 -25
297 -32
298 100026
299 19
300 17
301 -100042
302 -33
303 -20
304 -58
305 -12
306 100014
307 -41
308 -39
309 23
310 19
311 100004
312 -9
313 17
314 100033
315 -44
316 29
317 19
318 -43
319 -100062
320 -39
321 13
322 -20
323 31
324 -100037
325 13
326 13
327 -41
328 -6
329 -9
330 -20
331 -5
332 -100024
333 -22
334 13
335 37
336 -5
337 -10
338 13
339 -100065
340 -42
341 17
342 -7
343 -14
344 11
345 -12
346 -10
347 17
348 -56
349 19
350 -7
351 -6
352 -100041
353 -7
354 -12
355 31
356 -14
357 -26
358 -21
359 17
360 19
361 -7
362 -14
363 37
364 -9
365 -33
366 11
367 29
368 -36
369 100040
370 -33
371 11
372 23
373 17
374 19
375 31
376 31
377 -51
378 11
379 -20
380 11
381 -100045
382 100013
383 29
384 19
385 -26
386 37
387 -22
388 -14
389 31
390 -9
391 19
392 17
393 -6
394 -10
395 -43
396 17
397 -22
398 31
399 11
400 -38
401 17
402 -20
403 23
404 23
405 -6
406 -32
407 -100050
408 13
409 -60
410 -6
411 29
412 11
413 23
414 13
415 19
416 -14
417 -10
418 -7
419 -16
420 -62
421 -10
422 13
423 -8
424 -18
425 11
426 -14
427 31
428 37
429 -5
430 13
431 29
432 -21
433 -27
434 100041
435 11
436 17
437 29
438 13
439 11
440 17
441 -47
442 -9
443 23
444 13
445 -8
446 23
447 13
448 -65
449 17
450 -18
451 -30
452 17
453 17
454 29
455 -30
456 31
457 -21
458 -100029
459 -30
460 -9
461 13
462 -28
463 -6
464 100046
465 23
466 29
467 -43
468 -15
469 11
470 19
471 19
472 -20
473 13
474 -24
475 29
476 17
477 13
478 -12
479 31
480 -9
481 -32
482 13
483 17
484 29
485 -5
486 11
487 -21
488 100037
489 11
490 -14
491 -22
492 -15
493 -28
494 100024
495 23
496 23
497 -18
498 -22
499 -8
500 11
501 19
502 19
503 23
504 23
505 29
506 11
507 13
508 29
509 11
510 13
511 31
512 -33
513 17
514 23
515 13
516 -32
517 23
518 23
519 -100030
520 -45
521 -7
522 13
523 -100010
524 19
525 -14
526 -26
527 -21
528 11
529 37
530 19
531 23
532 -9
533 -8
534 -5
535 -43
536 -100053
537 19
538 23
539 -6
540 100055
541 -10
542 19
543 29
544 -28
545 -36
546 37
547 29
548 -41
549 -100049
550 -24
551 -15
552 37
553 37
554 -18
555 100009
556 13
557 100002
558 -10
559 11
560 29
561 31
562 -30
563 31
564 37
565 -10
566 31
567 100018
568 -5
569 17
570 -100059
571 -14
572 -24
573 -56
574 -6
575 -100006
576 -38
577 -25
578 23
579 -9
580 -51
581 11
582 13
583 37
584 37
585 -6
586 11
587 23
588 -8
589 -22
590 -16
591 19
592 -7
593 -18
594 -8
595 19
596 -5
597 -33
598 -20
599 -28
600 23
601 -32
602 29
603 19
604 -43
605 11
606 -69
607 -8
608 -53
609 -22
610 23
611 37
612 37
613 -18
614 17
615 23
616 29
617 100003
618 -33
619 -18
620 -7
621 29
622 -26
623 -27
624 -28
625 11
626 29
627 11
628 -91
629 -12
630 -12
631 31
632 29
633 -34
634 19
635 -33
636 -10
637 -24
638 -16
639 -20
640 29
641 100011
642 -10
643 31
644 -41
645 -14
646 37
647 23
648 29
649 -14
650 29
651 17
652 -20
653 37
654 -8
655 17
656 23
657 -25
658 -14
659 23
660 37
661 -7
662 -30
663 37
664 -32
665 -5
666 -7
667 13
668 -38
669 -40
670 -9
671 37
672 -100052
673 -6
674 37
675 23
676 -30
677 31
678 -6
679 -5
680 -10
681 -56
682 100016
683 29
684 17
685 -100016
686 100062
687 100060
688 11
689 13
690 -16
691 -14
692 29
693 11
694 -5
695 13
696 13
697 11
698 19
699 -48
700 29
701 -52
702 -15
703 19
704 -18
705 -36
706 -15
707 -100033
708 23
709 17
710 -12
711 13
712 -27
713 -16
714 -6
715 -41
716 -100036
717 31
718 -24
719 -9
720 11
721 -26
722 11
723 -36
724 11
725 17
726 23
727 100022
728 -56
729 31
730 31
731 17
732 31
733 -54
734 -12
735 -8
736 -39
737 -16
738 100056
739 -28
740 11
741 19
742 -5
743 -15
744 29
745 100049
746 -39
747 13
748 -28
749 100008
750 -21
751 17
752 -26
753 23
754 11
755 37
756 29
757 -12
758 37
759 -100025
760 -15
761 -53
762 11
763 -20
764 31
765 -6
766 11
767 13
768 -26
769 17
770 -33
771 37
772 -33
773 -100026
774 -7
775 -32
776 100065
777 11
778 -22
779 13
780 100054
781 29
782 -12
783 13
784 29
785 11
786 100064
787 -28
788 13
789 13
790 11
791 -9
792 100012
793 100047
794 19
795 -9
796 31
797 -9
798 100035
799 37
800 -35
801 -5
802 -32
803 -21
804 37
805 17
806 13
807 13
808 -16
809 29
810 -32
811 23
812 -32
813 29
814 11
815 31
816 -34
817 13
818 31
819 29
820 -20
821 13
822 29
823 17
824 -39
825 -53
826 -5
827 -8
828 -8
829 17
830 100042
831 100017
832 -18
833 -10
834 -55
835 11
836 100010
837 19
838 23
839 29
840 37
841 19
842 17
843 -30
844 -100007
845 -16
846 31
847 11
848 -48
849 13
850 37
851 -12
852 19
853 -12
854 -66
855 -8
856 -55
857 -30
858 -16
859 -14
860 -33
861 -100022
862 -100017
863 29
864 -39
865 -5
866 -100056
867 -12
868 -30
869 -9
870 -55
871 -100018
872 -26
873 23
874 -59
875 11
876 -16
877 -16
878 29
879 31
880 17
881 -15
882 -14
883 100005
884 -99
885 29
886 -6
887 19
888 -27
889 31
890 19
891 17
892 11
893 100050
894 -22
895 11
896 31
897 -9
898 11
899 -22
900 -6
901 -5
902 23
903 -26
904 23
905 -50
906 100019
907 -9
908 -25
909 11
910 100051
911 19
912 -100035
913 11
914 23
915 19
916 29
917 29
918 -38
919 17
920 -15
921 100015
922 29
923 13
924 -26
925 -7
926 23
927 -18
928 31
929 -100003
930 13
931 -10
932 100044
933 17
934 -26
935 -20
936 37
937 19
938 29
939 13
940 19
941 17
942 -16
943 19
944 13
945 23
946 37
947 29
948 19
949 -36
950 23
951 -100043
952 23
953 -8
954 13
955 17
956 -100048
957 29
958 -40
959 100059
960 -5
961 19
962 -100038
963 -5
964 -26
965 29
966 -7
967 -35
968 11
969 -38
970 -22
971 17
972 -10
973 19
974 13
975 11
976 37
977 13
978 11
979 -14
980 -6
981 -22
982 31
983 13
984 17
985 -27
986 23
987 -14
988 31
989 -22
990 -14
991 -27
992 31
993 37
994 17
995 31
996 -27
997 19
998 -41
999 -33
1000 29
1001 -20
1002 37
1003 -15
1004 31
1005 31
1006 -20
1007 100032
1008 31
1009 -27
1010 31
1011 100045
1012 -21
1013 -32
1014 11
1015 -8
1016 23
1017 29
1018 -58
1019 11
1020 -15
1021 -18
1022 31
1023 31
1024 -48
1025 -9
1026 19
1027 23
1028 13
1029 -8
1030 -26
1031 -34
1032 -16
1033 100027
1034 -22
1035 29
1036 -26
1037 -18
1038 100058
1039 17
1040 23
1041 19
1042 23
1043 -12
1044 11
1045 13
1046 17
1047 31
1048 -22
1049 37
1050 17
1051 -15
1052 -6
1053 29
1054 -5
1055 13
1056 11
1057 -21
1058 -8
1059 -5
1060 11
1061 -10
1062 13
1063 -100044
1064 -100060
1065 37
1066 11
1067 23
1068 23
1069 -33
1070 17
1071 -22
1072 -61
1073 -5
1074 -12
1075 13
1076 17
1077 -22
1078 -18
1079 17
1080 100043
1081 -6
1082 13
1083 -27
1084 -6
1085 100021
1086 -6
1087 -33
1088 29
1089 37
1090 -7
1091 37
1092 -16
1093 -6
1094 -46
1095 -5
1096 -15
1097 23
1098 13
1099 -7
1100 100030
1101 -65
1102 29
1103 -36
1104 -5
1105 19
1106 -6
1107 29
1108 23
1109 -100023
1110 23
1111 11
1112 -24
1113 -6
1114 -100047
1115 17
1116 19
1117 29
1118 -16
1119 11
1120 -33
1121 17
1122 -45
1123 17
1124 31
1125 13
1126 29
1127 37
1128 17
1129 100001
1130 -40
1131 19
1132 23
1133 -45
1134 -10
1135 -38
1136 100031
1137 -15
1138 31
1139 19
1140 -21
1141 100052
1142 -21
1143 19
1144 -22
1145 -100032
1146 -12
1147 -27
1148 -20
1149 17
1150 100057
1151 -32
1152 13
1153 11
1154 -100027
1155 29
1156 11
1157 13
1158 11
1159 11
1160 -100020
1161 -33
1162 -21
1163 -7
1164 100038
1165 -7
1166 -100051
1167 -28
1168 -100009
1169 -58
1170 29
1171 -24
1172 -100055
1173 11
1174 -21
1175 19
1176 -30
1177 31
1178 -100061
1179 -12
1180 29
1181 -15
1182 31
1183 -46
1184 23
1185 11
1186 -44
1187 13
1188 29
1189 100039
1190 -22
1191 31
1192 -8
1193 17
1194 -61
1195 -15
1196 -48
1197 29
1198 -45
1199 -7
1200 -35
1201 -59
1202 17
1203 -44
1204 31
1205 -27
1206 -46
1207 -46
1208 13
1209 13
1210 11
1211 -14
1212 17
1213 31
1214 -5
1215 -12
1216 13
1217 31
1218 -7
1219 29
1220 37
1221 -12
1222 -21
1223 -39
1224 13
1225 19
1226 11
1227 11
1228 -33
1229 -6
1230 100036
1231 -10
1232 37
1233 13
1234 -16
1235 -20
1236 17
1237 29
1238 17
1239 -35
1240 17
1241 -100028
1242 100028
1243 -25
1244 -10
1245 -14
1246 -16
1247 11
1248 -14
1249 -5
1250 -10
1251 -40
1252 -5
1253 11
1254 -12
1255 -5
1256 -9
1257 -100019
1258 -12
1259 23
1260 -25
1261 -28
1262 -9
1263 37
1264 -16
1265 -24
1266 13
1267 -7
1268 31
1269 -100040
1270 -100015
1271 -9
1272 -14
1273 17
1274 23
1275 17
1276 -7
1277 100006
1278 29
1279 23
1280 -100011
1281 31
1282 -5
1283 -16
1284 -41
1285 100053
1286 -6
1287 -100014
1288 29
1289 -40
1290 17
1291 -34
1292 11
1293 37
1294 -6
1295 37
1296 19
1297 -100031
1298 -7
1299 37
1300 -27
