1 -26
2 31
3 29
4 17
5 -5
6 -100005
7 -44
8 -5
9 -39
10 -30
11 13
12 100004
13 23
14 -46
15 29
16 -8
17 -6
18 11
19 13
20 -36
21 23
22 -9
23 17
24 31
25 29
26 23
27 100005
28 -15
29 -22
30 100001
31 -6
32 17
33 -10
34 31
35 31
36 -8
37 19
38 -82
39 -25
40 -5
41 13
42 -9
43 -33
44 -24
45 -9
46 19
47 -18
48 13
49 -12
50 13
51 37
52 13
53 -40
54 -12
55 23
56 29
57 -10
58 -21
59 -30
60 -20
61 31
62 13
63 -32
64 -100007
65 11
66 100008
67 23
68 -51
69 23
70 19
71 37
72 37
73 -7
74 11
75 -36
76 -28
77 -34
78 13
79 -22
80 31
81 17
82 17
83 -24
84 19
85 -22
86 -8
87 -8
88 11
89 29
90 29
91 31
92 17
93 17
94 23
95 -16
96 -5
97 37
98 -100006
99 -24
100 -36
101 -51
102 31
103 17
104 37
105 -16
106 19
107 37
108 -26
109 19
110 -6
111 13
112 -25
113 100006
114 -100003
115 -36
116 -41
117 100007
118 17
119 23
120 13
121 -12
122 -30
123 31
124 -18
125 -6
126 -100008
127 -16
128 19
129 31
130 37
131 -48
132 100003
133 -5
134 17
135 -100004
136 -16
137 -64
138 -15
139 -27
140 13
141 37
142 -14
143 100002
144 -15
145 37
146 19
147 -100001
148 -100002
149 13
150 -18
