1 -15
2 -100011
3 19
4 11
5 -26
6 11
7 -24
8 -5
9 37
10 19
11 13
12 -32
13 37
14 23
15 31
16 11
17 -53
18 -21
19 -26
20 -14
21 29
22 19
23 -22
24 100044
25 -5
26 13
27 19
28 37
29 19
30 37
31 17
32 -51
33 17
34 37
35 11
36 37
37 -8
38 -39
39 -22
40 11
41 -36
42 -15
43 -25
44 23
45 -12
46 -25
47 100015
48 23
49 -45
50 13
51 29
52 29
53 13
54 37
55 -18
56 31
57 31
58 -100053
59 -7
60 11
61 -8
62 37
63 -20
64 13
65 29
66 29
67 -8
68 23
69 -100027
70 17
71 11
72 19
73 -44
74 -46
75 11
76 31
77 -43
78 29
79 19
80 -25
81 -26
82 -18
83 23
84 -7
85 -5
86 13
87 -5
88 23
89 31
90 29
91 -20
92 -18
93 29
94 17
95 100007
96 -10
97 29
98 37
99 13
100 100029
101 31
102 -16
103 29
104 17
105 13
106 31
107 -76
108 11
109 13
110 100050
111 -9
112 -100054
113 11
114 13
115 11
116 31
117 17
118 -36
119 -35
120 100004
121 -18
122 31
123 23
124 -14
125 31
126 -15
127 23
128 -38
129 17
130 11
131 -41
132 29
133 19
134 -10
135 -100023
136 -5
137 17
138 23
139 -24
140 19
141 37
142 -58
143 -50
144 11
145 17
146 100008
147 -30
148 -54
149 29
150 -5
151 -16
152 37
153 -34
154 11
155 29
156 23
157 37
158 -34
159 37
160 100006
161 -27
162 13
163 17
164 100025
165 19
166 19
167 -40
168 -100024
169 23
170 -22
171 -12
172 31
173 -6
174 29
175 -8
176 -100003
177 -62
178 -50
179 11
180 -100039
181 29
182 13
183 19
184 -6
185 -44
186 23
187 31
188 37
189 -9
190 29
191 -22
192 23
193 -50
194 100019
195 -6
196 11
197 29
198 17
199 -16
200 -16
201 100013
202 -54
203 29
204 11
205 13
206 31
207 -20
208 23
209 17
210 -42
211 23
212 -27
213 -7
214 -28
215 -12
216 -43
217 -30
218 13
219 -16
220 31
221 100028
222 -20
223 -53
224 -8
225 -10
226 -24
227 29
228 13
229 -38
230 37
231 -100035
232 -40
233 -28
234 31
235 23
236 -24
237 -70
238 -10
239 100011
240 -27
241 -10
242 -7
243 -39
244 13
245 -21
246 29
247 37
248 -26
249 13
250 31
251 -42
252 17
253 -21
254 -18
255 -28
256 13
257 23
258 -100055
259 17
260 -35
261 -27
262 -26
263 -52
264 29
265 100018
266 -26
267 -30
268 100045
269 -44
270 -38
271 31
272 -16
273 -8
274 23
275 37
276 -100045
277 -10
278 13
279 13
280 -18
281 -7
282 -9
283 -28
284 23
285 17
286 -48
287 23
288 -40
289 -25
290 -28
291 23
292 31
293 -100036
294 -12
295 -8
296 29
297 -100025
298 -20
299 11
300 -8
301 -8
302 17
303 23
304 -7
305 100032
306 100031
307 29
308 -21
309 -26
310 29
311 -20
312 -30
313 11
314 29
315 -9
316 -16
317 -28
318 -14
319 17
320 19
321 31
322 -100042
323 -58
324 23
325 -10
326 -7
327 -5
328 13
329 13
330 17
331 17
332 -47
333 -10
334 31
335 17
336 -42
337 -6
338 -47
339 -21
340 -33
341 29
342 -27
343 100009
344 19
345 11
346 13
347 -6
348 19
349 -34
350 -22
351 -100031
352 29
353 100014
354 -26
355 -7
356 11
357 29
358 23
359 17
360 29
361 -100041
362 37
363 19
364 31
365 -53
366 -26
367 23
368 29
369 -83
370 -100048
371 -10
372 -100008
373 37
374 -25
375 -18
376 -8
377 -50
378 -33
379 -10
380 31
381 -41
382 31
383 37
384 -5
385 -33
386 -14
387 31
388 -54
389 -100020
390 17
391 37
392 -12
393 11
394 -66
395 31
396 -33
397 -16
398 29
399 37
400 -20
401 17
402 -6
403 -30
404 -100002
405 100016
406 -38
407 11
408 -36
409 -20
410 -5
411 -52
412 11
413 -40
414 11
415 -21
416 -6
417 19
418 -21
419 -41
420 -5
421 -27
422 100020
423 -6
424 -41
425 11
426 -5
427 11
428 -8
429 29
430 -16
431 29
432 -35
433 -6
434 -5
435 -7
436 -12
437 -33
438 29
439 -7
440 -18
441 11
442 -20
443 100048
444 31
445 23
446 19
447 37
448 13
449 -20
450 13
451 -9
452 -5
453 -32
454 -27
455 -36
456 -20
457 31
458 19
459 31
460 -27
461 29
462 100041
463 -5
464 -36
465 -38
466 23
467 100054
468 29
469 -39
470 19
471 -18
472 -39
473 37
474 11
475 -15
476 -33
477 -16
478 37
479 -20
480 37
481 -5
482 -100004
483 19
484 31
485 -22
486 -16
487 31
488 -61
489 -24
490 29
491 29
492 -22
493 31
494 23
495 -33
496 29
497 37
498 -25
499 37
500 -32
501 -7
502 19
503 -39
504 17
505 23
506 29
507 11
508 100035
509 -12
510 -100029
511 37
512 -47
513 29
514 13
515 31
516 -6
517 -20
518 13
519 23
520 -12
521 13
522 37
523 -30
524 17
525 19
526 37
527 -22
528 -8
529 17
530 -27
531 -38
532 -6
533 100040
534 100055
535 -15
536 29
537 -67
538 -12
539 11
540 -7
541 13
542 100033
543 11
544 11
545 -27
546 -44
547 -100033
548 -6
549 -7
550 29
551 -26
552 -100005
553 -34
554 13
555 -14
556 19
557 13
558 23
559 19
560 -52
561 -20
562 37
563 -18
564 13
565 100010
566 -5
567 29
568 -100017
569 -18
570 -24
571 37
572 -8
573 29
574 -8
575 13
576 -27
577 29
578 -14
579 -100032
580 -18
581 -32
582 37
583 31
584 -7
585 13
586 -16
587 11
588 11
589 -5
590 -25
591 11
592 -22
593 -6
594 -12
595 31
596 19
597 37
598 23
599 -15
600 13
601 -9
602 37
603 -22
604 -58
605 -100043
606 100053
607 23
608 17
609 -28
610 -15
611 -12
612 100030
613 13
614 17
615 11
616 31
617 -100006
618 17
619 31
620 -10
621 19
622 -6
623 -38
624 37
625 17
626 29
627 13
628 -26
629 29
630 -27
631 17
632 19
633 29
634 29
635 -22
636 31
637 -24
638 -24
639 -32
640 19
641 -28
642 31
643 -100050
644 -16
645 -25
646 -5
647 -18
648 13
649 37
650 -27
651 -36
652 17
653 100021
654 -12
655 -32
656 11
657 -52
658 23
659 -12
660 -15
661 29
662 13
663 -18
664 -14
665 19
666 31
667 13
668 11
669 -10
670 -26
671 -16
672 19
673 -14
674 29
675 -9
676 -15
677 -39
678 -40
679 -12
680 -9
681 29
682 -44
683 -10
684 31
685 -15
686 11
687 37
688 -100010
689 23
690 23
691 -7
692 19
693 13
694 -9
695 -6
696 -5
697 -38
698 37
699 31
700 -34
701 29
702 -14
703 37
704 11
705 11
706 -30
707 100051
708 37
709 29
710 -6
711 37
712 -8
713 -14
714 31
715 11
716 -53
717 -51
718 19
719 37
720 -46
721 19
722 -100016
723 -9
724 13
725 -36
726 29
727 -25
728 11
729 -8
730 -12
731 100038
732 19
733 17
734 -6
735 31
736 -22
737 100049
738 11
739 19
740 -100046
741 -38
742 -100028
743 -18
744 -50
745 -25
746 37
747 31
748 -68
749 29
750 19
751 -45
752 -24
753 31
754 -40
755 -10
756 -52
757 11
758 23
759 -100015
760 11
761 37
762 -8
763 -15
764 100047
765 -25
766 -48
767 17
768 19
769 100052
770 -34
771 29
772 37
773 19
774 -6
775 11
776 31
777 -15
778 11
779 31
780 -100019
781 19
782 -24
783 -8
784 19
785 31
786 37
787 11
788 -100007
789 -21
790 13
791 -7
792 13
793 -9
794 23
795 -27
796 13
797 -100021
798 -35
799 19
800 19
801 100037
802 -8
803 37
804 23
805 19
806 31
807 29
808 11
809 31
810 11
811 -33
812 -26
813 -26
814 -28
815 -20
816 -12
817 -100037
818 23
819 23
820 -28
821 13
822 -5
823 23
824 11
825 31
826 -27
827 -28
828 -20
829 -10
830 -44
831 11
832 37
833 29
834 -26
835 37
836 -5
837 11
838 -15
839 11
840 -25
841 100039
842 -55
843 -18
844 29
845 -28
846 17
847 31
848 11
849 11
850 -5
851 -15
852 11
853 -6
854 -100012
855 17
856 -5
857 13
858 -15
859 -21
860 -100038
861 100043
862 23
863 37
864 -24
865 -45
866 19
867 23
868 29
869 29
870 -49
871 100046
872 13
873 -30
874 -8
875 11
876 -16
877 -20
878 -18
879 37
880 -12
881 -66
882 29
883 -10
884 31
885 -5
886 17
887 19
888 19
889 29
890 37
891 23
892 31
893 -5
894 -8
895 -100022
896 -6
897 -6
898 17
899 31
900 100017
901 13
902 100005
903 -38
904 -18
905 -39
906 -6
907 23
908 -18
909 -6
910 -100049
911 -7
912 19
913 -7
914 17
915 11
916 -100030
917 -28
918 37
919 37
920 -6
921 -18
922 100026
923 19
924 37
925 -21
926 -100026
927 31
928 31
929 -6
930 19
931 17
932 -14
933 100012
934 11
935 29
936 -12
937 -14
938 17
939 -40
940 -39
941 -100044
942 -6
943 37
944 -21
945 -7
946 -18
947 11
948 13
949 31
950 23
951 19
952 -39
953 -100001
954 -10
955 31
956 -9
957 -24
958 -33
959 -43
960 -12
961 29
962 -28
963 -9
964 23
965 31
966 -21
967 29
968 37
969 11
970 -20
971 19
972 -24
973 100024
974 -100018
975 19
976 19
977 -10
978 100003
979 -5
980 -5
981 100001
982 -26
983 37
984 29
985 -14
986 100023
987 31
988 -100051
989 -5
990 29
991 11
992 19
993 -21
994 29
995 11
996 -47
997 100022
998 37
999 -65
1000 -15
1001 -100014
1002 -7
1003 -9
1004 23
1005 -42
1006 -18
1007 100036
1008 -24
1009 -100013
1010 100002
1011 -9
1012 -7
1013 17
1014 -30
1015 11
1016 17
1017 -15
1018 -6
1019 -9
1020 17
1021 29
1022 23
1023 19
1024 -15
1025 -52
1026 -49
1027 13
1028 -100047
1029 23
1030 19
1031 -14
1032 37
1033 -16
1034 -9
1035 -18
1036 -6
1037 -16
1038 11
1039 11
1040 -25
1041 19
1042 37
1043 -62
1044 -9
1045 -16
1046 29
1047 -20
1048 -60
1049 -12
1050 37
1051 -10
1052 31
1053 37
1054 11
1055 11
1056 -61
1057 11
1058 -100040
1059 17
1060 -34
1061 -45
1062 37
1063 -20
1064 -10
1065 37
1066 -6
1067 19
1068 -10
1069 13
1070 23
1071 -21
1072 -100009
1073 100027
1074 37
1075 17
1076 -100052
1077 -21
1078 23
1079 -39
1080 31
1081 11
1082 37
1083 100034
1084 23
1085 100042
1086 -25
1087 -20
1088 29
1089 37
1090 -24
1091 -27
1092 37
1093 -100034
1094 -46
1095 11
1096 -7
1097 -32
1098 31
1099 -20
1100 23
