1 -175
2 190
3 -10
4 -11
5 -318
6 248
7 -2
8 -102
9 -1
10 -7
11 943
12 251
13 -739
14 2
15 -930
16 -974
17 59
18 -477
19 19
20 37
21 -143
22 320
23 31
24 -816
25 946
26 -995
27 -1000
28 361
29 627
30 -99
31 476
32 -383
33 -525
34 315
35 -449
36 983
37 832
38 -606
39 -19
40 -5
41 -710
42 576
43 641
44 700
45 -25
46 196
47 -1
48 -397
49 953
50 -674
51 954
52 -312
53 -923
54 393
55 -131
56 -665
57 -191
58 726
59 804
60 4
61 -1
62 337
63 -223
64 980
65 -385
66 614
67 37
68 -118
69 189
70 -19
71 -507
72 -949
73 1
74 -946
75 -512
76 -12
77 731
78 -348
79 -360
80 720
81 100
82 -204
83 1
84 349
85 -435
86 -1
87 -7
88 -1
89 -561
90 -932
91 -23
92 -932
93 -3
94 106
95 936
96 30
97 623
98 678
99 -796
100 899
101 -948
102 -1
103 32
104 -124
105 -341
106 -949
107 162
108 -406
109 688
110 987
111 443
112 392
113 2
114 682
115 115
116 -4
117 316
118 -5
119 857
120 698
121 347
122 56
123 881
124 -964
125 -701
126 -421
127 481
128 799
129 -908
130 635
131 232
132 747
133 -1
134 -558
135 -833
136 45
137 -795
138 22
139 -869
140 -635
141 675
142 -229
143 -380
144 502
145 -535
146 945
147 -439
148 -975
149 951
150 -3
151 666
152 -77
153 811
154 -16
155 4
156 118
157 -332
158 628
159 -42
160 -1
161 8
162 -859
163 754
164 870
165 2
166 483
167 -190
168 -545
169 280
170 -554
171 132
172 -2
173 880
174 675
175 -394
176 124
177 -5
178 620
179 289
180 -18
181 -327
182 -643
183 167
184 1
185 -956
186 537
187 -742
188 -636
189 84
190 450
191 -140
192 -2
193 8
194 -889
195 -319
196 429
197 -924
198 -853
199 324
200 -2
201 1
202 -509
203 -186
204 645
205 130
206 793
207 -568
208 970
209 -51
210 -463
211 29
212 406
213 -318
214 123
215 206
216 901
217 29
218 -127
219 289
220 18
221 23
222 631
223 -844
224 -784
225 738
226 977
227 364
228 40
229 774
230 -622
231 251
232 -4
233 602
234 880
235 -11
236 -11
237 -139
238 1
239 -884
240 10
241 -8
242 -656
243 -828
244 199
245 -786
246 125
247 -50
248 1
249 -765
250 -331
251 27
252 -1
253 -870
254 923
255 1
256 -691
257 11
258 -474
259 16
260 -935
261 -723
262 -3
263 -1
264 708
265 -9
266 213
267 83
268 55
269 2
270 334
271 -863
272 -6
273 -162
274 587
275 980
276 677
277 76
278 -932
279 879
280 -18
281 -732
282 687
283 885
284 1
285 -960
286 -517
287 -336
288 960
289 2
290 -7
291 -21
292 708
293 -19
294 165
295 694
296 -779
297 913
298 2
299 374
300 -40
301 -665
302 -544
303 -256
304 -583
305 -36
306 557
307 -1
308 -663
309 767
310 -389
311 -570
312 161
313 54
314 105
315 -892
316 55
317 871
318 500
319 741
320 -943
321 -746
322 -266
323 -989
324 450
325 -470
326 6
327 -1000
328 303
329 422
330 234
331 -2
332 936
333 857
334 796
335 809
336 -357
337 -608
338 -850
339 12
340 14
341 5
342 -402
343 761
344 -257
345 94
346 -879
347 76
348 39
349 15
350 335
351 -29
352 -126
353 1
354 621
355 -817
356 -330
357 -1
358 1
359 802
360 29
361 852
362 463
363 245
364 -23
365 14
366 566
367 587
368 -611
369 751
370 -900
371 -745
372 4
373 889
374 216
375 -838
376 -734
377 -908
378 -988
379 -1
380 232
381 -21
382 867
383 -1
384 932
385 71
386 -48
387 264
388 -987
389 -870
390 -15
391 -851
392 610
393 634
394 342
395 -597
396 -911
397 981
398 127
399 637
400 -440
