1 30
2 -40
3 46
4 -16
5 -35
6 47
7 -58
8 -34
9 37
10 26
11 19
12 75
13 -42
14 -48
15 -14
16 182
17 84
18 77
19 65
20 47
21 -17
22 -37
23 -22
24 -36
25 82
26 -92
27 -52
28 -17
29 -99
30 27
31 -48
32 -81
33 45
34 78
35 8
36 -51
37 5
38 -4
39 -94
40 83
41 -8
42 54
43 14
44 78
45 -47
46 62
47 -36
48 75
49 -150
50 -10
51 -16
52 -67
53 45
54 99
55 -36
56 88
57 -70
58 -48
59 18
60 51
61 98
62 -72
63 92
64 -18
65 -95
66 -105
67 -91
68 -10
69 -84
70 -72
71 -38
72 -100
73 -26
74 -84
75 75
76 -78
77 30
78 -74
79 -65
80 67
81 -69
82 -4
83 42
84 55
85 -46
86 25
87 17
88 90
89 -27
90 -92
91 -100
92 -66
93 -91
94 -22
95 98
96 -60
97 77
98 -13
99 -21
100 -85
101 59
102 -4
103 52
104 94
105 -26
106 156
107 -59
108 102
109 10
110 86
111 18
112 -42
113 -93
114 -97
115 -99
116 98
117 -98
118 -8
119 184
120 40
121 -7
122 3
123 84
124 -90
125 87
126 79
127 0
128 19
129 -92
130 21
131 86
132 -80
133 91
134 -66
135 21
136 21
137 64
138 78
139 -5
140 -65
141 47
142 -21
143 -17
144 -29
145 70
146 74
147 25
148 69
149 -124
150 -64
151 -37
152 54
153 67
154 -91
155 -22
156 0
157 24
158 -6
159 -78
160 44
161 -66
162 -57
163 -6
164 -24
165 26
166 11
167 -20
168 -33
169 54
170 7
171 -86
172 94
173 -18
174 -79
175 65
176 -52
177 -8
178 7
179 55
180 -11
181 86
182 10
183 82
184 -77
185 -16
186 -59
187 -75
188 61
189 -129
190 31
191 -61
192 66
193 95
194 19
195 78
196 -23
197 -35
198 -44
199 24
200 -35
201 58
202 -43
203 -43
204 66
205 -10
206 -151
207 -95
208 -11
209 119
210 -71
211 -67
212 42
213 19
214 -24
215 -20
216 -91
217 70
218 62
219 -4
220 90
221 16
222 26
223 131
224 -31
225 -94
226 52
227 -63
228 -116
229 42
230 61
231 61
232 -58
233 11
234 -175
235 -97
236 99
237 -29
238 79
239 26
240 12
241 -18
242 -58
243 78
244 179
245 -94
246 8
247 64
248 -81
249 83
250 71
251 99
252 93
253 18
254 25
255 -42
256 -66
257 -35
258 -86
259 -26
260 -115
261 -8
262 -86
263 57
264 -53
265 -20
266 65
267 -17
268 72
269 -92
270 80
271 80
272 -12
273 -95
274 -88
275 -78
276 -91
277 -35
278 17
279 -40
280 42
281 -89
282 -93
283 -22
284 47
285 -69
286 -14
287 -173
288 67
289 -61
290 -62
291 1
292 165
293 -31
294 8
295 8
296 -44
297 79
298 -1
299 -67
300 46
301 59
302 69
303 -19
304 -59
305 -11
306 94
307 22
308 74
309 98
310 -50
311 -52
312 -79
313 -42
314 -48
315 2
316 11
317 23
318 157
319 -18
320 141
321 -92
322 95
323 65
324 59
325 -48
326 -57
327 -26
328 -13
329 -62
330 69
331 -83
332 35
333 14
334 6
335 62
336 -65
337 -70
338 -21
339 -41
340 -89
341 96
342 -85
343 51
344 -39
345 82
346 -77
347 -1
348 28
349 24
350 17
351 43
352 64
353 -66
354 94
355 -10
356 0
357 -82
358 -76
359 20
360 -90
361 83
362 97
363 -46
364 18
365 -70
366 -74
367 48
368 35
369 22
370 -1
371 -73
372 101
373 76
374 20
375 -79
376 28
377 -60
378 4
379 -75
380 -50
381 -65
382 -6
383 48
384 -24
385 58
386 66
387 2
388 21
389 53
390 -32
391 19
392 -14
393 81
394 -45
395 60
396 -2
397 32
398 -24
399 73
400 78
401 -97
402 0
403 76
404 91
405 66
406 -21
407 -62
408 92
409 -19
410 39
411 -55
412 52
413 1
414 35
415 -52
416 -64
417 78
418 -121
419 41
420 33
421 0
422 -22
423 -61
424 -47
425 64
426 -31
427 67
428 -55
429 6
430 -10
431 85
432 4
433 -60
434 70
435 -89
436 58
437 -78
438 1
439 84
440 23
441 40
442 17
443 114
444 62
445 -1
446 -77
447 -35
448 -1
449 61
450 1
451 -81
452 48
453 89
454 64
455 -79
456 48
457 -93
458 47
459 -47
460 101
461 279
462 48
463 -16
464 -6
465 -90
466 -5
467 -99
468 99
469 -35
470 -4
471 -62
472 86
473 -93
474 78
475 14
476 51
477 -5
478 -2
479 29
480 -97
481 -88
482 -84
483 18
484 89
485 14
486 -76
487 -74
488 -51
489 1
490 -88
491 35
492 -92
493 -62
494 38
495 -43
496 22
497 153
498 43
499 95
500 11