1 -91
2 9
3 75
4 -96
5 -98
6 67
7 -6
8 11
9 9
10 -85
11 -48
12 -6
13 10
14 -255
15 101
16 132
17 -13
18 53
19 -8
20 25
21 13
22 -67
23 5
24 53
25 -33
26 68
27 -85
28 52
29 -58
30 -21
31 -90
32 40
33 6
34 57
35 -20
36 40
37 -37
38 9
39 44
40 97
41 51
42 -70
43 1
44 35
45 53
46 -89
47 -33
48 -25
49 -70
50 10
51 98
52 409
53 117
54 -92
55 69
56 -29
57 52
58 66
59 89
60 -85
61 82
62 24
63 60
64 -95
65 -21
66 89
67 -97
68 -21
69 -35
70 57
71 60
72 82
73 -16
74 87
75 47
76 -324
77 -32
78 -65
79 41
80 30
81 83
82 12
83 -16
84 -66
85 -203
86 -1
87 33
88 46
89 -39
90 55
91 -84
92 50
93 85
94 -2
95 62
96 -47
97 8
98 17
99 41
100 -75
101 17
102 -10
103 -97
104 1
105 -75
106 -11
107 -69
108 22
109 39
110 -27
111 -26
112 -69
113 90
114 67
115 8
116 -59
117 -92
118 -41
119 -33
120 -8
121 32
122 5
123 88
124 31
125 -15
126 -12
127 80
128 -44
129 9
130 -28
131 47
132 -45
133 56
134 28
135 -2
136 -71
137 41
138 57
139 61
140 -97
141 3
142 36
143 -92
144 -83
145 50
146 99
147 -66
148 71
149 16
150 -1
151 80
152 78
153 20
154 -273
155 64
156 58
157 37
158 -3
159 -359
160 49
161 -70
162 5
163 65
164 66
165 67
166 -169
167 -80
168 -17
169 -28
170 -74
171 53
172 51
173 -213
174 -51
175 65
176 -68
177 10
178 -40
179 13
180 -4
181 78
182 -100
183 43
184 70
185 49
186 -14
187 -67
188 -18
189 -99
190 14
191 23
192 93
193 -79
194 96
195 -90
196 53
197 -194
198 -95
199 -16
200 33
201 -96
202 47
203 -85
204 67
205 242
206 -50
207 -166
208 51
209 1
210 -24
211 66
212 -21
213 -15
214 34
215 88
216 70
217 -92
218 65
219 14
220 32
221 -20
222 -2
223 11
224 -53
225 -38
226 77
227 89
228 19
229 -5
230 -52
231 84
232 97
233 6
234 48
235 55
236 -68
237 28
238 52
239 72
240 48
241 84
242 17
243 -42
244 -40
245 -60
246 43
247 167
248 95
249 -74
250 -32
251 43
252 -95
253 89
254 -93
255 73
256 -15
257 -27
258 86
259 82
260 79
261 72
262 12
263 77
264 96
265 48
266 32
267 -4
268 -212
269 49
270 43
271 34
272 33
273 -24
274 -99
275 -92
276 96
277 96
278 11
279 -62
280 -57
281 39
282 67
283 41
284 66
285 -182
286 -81
287 -6
288 -24
289 -53
290 75
291 -39
292 -99
293 -1
294 46
295 67
296 67
297 -81
298 -240
299 7
300 -335
301 25
302 -22
303 -30
304 9
305 11
306 67
307 -74
308 -23
309 -75
310 -58
311 -12
312 47
313 8
314 -94
315 84
316 -57
317 -71
318 30
319 -85
320 93
321 260
322 -23
323 49
324 4
325 38
326 -81
327 68
328 -85
329 -5
330 -27
331 -51
332 2
333 17
334 -77
335 78
336 29
337 92
338 -97
339 -85
340 96
341 -72
342 13
343 -26
344 64
345 -66
346 -92
347 37
348 52
349 20
350 -64
351 -28
352 -46
353 -70
354 69
355 -59
356 49
357 96
358 16
359 57
360 25
361 -29
362 -26
363 -37
364 -97
365 -45
366 16
367 93
368 -64
369 -40
370 -45
371 -41
372 -27
373 9
374 69
375 -129
376 94
377 -41
378 -269
379 -51
380 -24
381 75
382 65
383 -20
384 33
385 -14
386 -25
387 -83
388 18
389 -63
390 13
391 -22
392 36
393 89
394 -55
395 -175
396 -47
397 -5
398 -56
399 16
400 98
401 -20
402 251
403 5
404 91
405 9
406 -3
407 87
408 5
409 -65
410 -19
411 80
412 88
413 -84
414 32
415 42
416 188
417 59
418 -28
419 97
420 -59
421 59
422 -92
423 99
424 -93
425 88
426 66
427 -387
428 89
429 -82
430 -98
431 25
432 -1
433 -107
434 -97
435 74
436 88
437 38
438 -15
439 -18
440 -93
441 -50
442 42
443 -52
444 -69
445 -51
446 89
447 -39
448 25
449 3
450 63
451 -65
452 32
453 -88
454 -36
455 -52
456 -27
457 23
458 94
459 41
460 38
461 36
462 -32
463 47
464 -58
465 7
466 84
467 62
468 26
469 9
470 -23
471 -78
472 95
473 68
474 -5
475 41
476 9
477 -52
478 -70
479 73
480 -37
481 -9
482 -21
483 -85
484 -86
485 21
486 95
487 -39
488 -68
489 54
490 74
491 -23
492 -58
493 1
494 -7
495 -33
496 3
497 62
498 -12
499 30
500 -21
501 -31
502 99
503 3
504 62
505 -77
506 -137
507 -30
508 21
509 30
510 -72
511 -28
512 -12
513 59
514 1
515 -51
516 59
517 -84
518 30
519 -47
520 -97
521 14
522 50
523 82
524 -86
525 27
526 73
527 -67
528 -42
529 -4
530 -15
531 -32
532 12
533 -59
534 44
535 40
536 58
537 63
538 42
539 -60
540 -40
541 22
542 -3
543 50
544 13
545 92
546 41
547 72
548 -55
549 42
550 16
551 -92
552 -62
553 -30
554 -9
555 34
556 6
557 91
558 80
559 24
560 82
561 -1
562 79
563 -78
564 -34
565 53
566 -62
567 29
568 18
569 73
570 58
571 52
572 74
573 -69
574 -6
575 67
576 220
577 23
578 96
579 121
580 -88
581 -50
582 69
583 40
584 97
585 2
586 91
587 100
588 8
589 -52
590 -61
591 31
592 71
593 -34
594 47
595 -92
596 47
597 -52
598 32
599 -36
600 -80
601 54
602 11
603 22
604 67
605 -40
606 -2
607 -87
608 -91
609 -27
610 -26
611 22
612 39
613 40
614 -21
615 79
616 -28
617 -92
618 60
619 -82
620 -91
621 -54
622 32
623 -66
624 13
625 -89
626 -39
627 11
628 20
629 99
630 37
631 -36
632 4
633 -61
634 53
635 -23
636 -5
637 43
638 -115
639 67
640 4
641 -62
642 -64
643 32
644 92
645 57
646 4
647 97
648 -38
649 -71
650 -51
651 -61
652 -82
653 -48
654 14
655 77
656 2
657 45
658 -54
659 54
660 82
661 -39
662 36
663 -30
664 145
665 74
666 1
667 -69
668 -89
669 -42
670 -349
671 42
672 30
673 -81
674 -42
675 -51
676 7
677 69
678 64
679 -27
680 24
681 13
682 -97
683 25
684 61
685 15
686 133
687 -78
688 -99
689 132
690 -33
691 17
692 -17
693 22
694 -41
695 -14
696 -26
697 -14
698 47
699 2
700 -80
701 -27
702 -47
703 20
704 -22
705 -6
706 100
707 79
708 45
709 -49
710 35
711 74
712 -122
713 -38
714 30
715 -351
716 82
717 91
718 -41
719 -22
720 25
721 -98
722 -31
723 90
724 -54
725 66
726 -58
727 -22
728 11
729 546
730 81
731 54
732 -47
733 -29
734 -36
735 -35
736 66
737 91
738 30
739 56
740 28
741 70
742 -86
743 -16
744 -86
745 94
746 19
747 19
748 -308
749 -97
750 -93
751 43
752 -65
753 16
754 -82
755 93
756 96
757 -47
758 -97
759 -39
760 58
761 88
762 1
763 -43
764 81
765 -74
766 -40
767 -60
768 2
769 -88
770 94
771 28
772 -99
773 92
774 -3
775 -5
776 -83
777 68
778 10
779 -97
780 -8
781 78
782 33
783 192
784 27
785 -74
786 43
787 -52
788 -87
789 -43
790 66
791 50
792 -97
793 -15
794 18
795 17
796 56
797 -88
798 38
799 50
800 66
801 37
802 -91
803 -63
804 86
805 -54
806 -88
807 98
808 -51
809 31
810 -37
811 -8
812 -20
813 -15
814 19
815 -27
816 -91
817 62
818 142
819 -64
820 -66
821 68
822 20
823 3
824 -20
825 11
826 86
827 98
828 37
829 89
830 -13
831 -213
832 53
833 -3
834 -91
835 30
836 4
837 -311
838 -46
839 11
840 -99
841 76
842 -50
843 -33
844 48
845 -29
846 192
847 10
848 32
849 -38
850 73
851 37
852 62
853 -67
854 -81
855 42
856 -31
857 5
858 39
859 45
860 98
861 -100
862 25
863 66
864 -99
865 -67
866 17
867 -64
868 86
869 -21
870 -28
871 -57
872 -60
873 -109
874 -49
875 81
876 -214
877 150
878 90
879 3
880 49
881 35
882 -220
883 57
884 -83
885 143
886 -9
887 -18
888 -48
889 -83
890 59
891 4
892 246
893 29
894 37
895 44
896 3
897 85
898 40
899 50
900 100
