1 -10
2 31
3 37
4 -7
5 31
6 -12
7 11
8 -51
9 -100013
10 -9
11 100003
12 -16
13 31
14 -61
15 -10
16 23
17 -26
18 19
19 17
20 11
21 -32
22 -100009
23 31
24 37
25 31
26 100007
27 29
28 13
29 23
30 17
31 -16
32 13
33 -8
34 -46
35 11
36 -10
37 37
38 100005
39 19
40 31
41 29
42 -45
43 -10
44 -39
45 11
46 19
47 23
48 31
49 -58
50 37
51 -21
52 23
53 19
54 100008
55 -10
56 31
57 -14
58 -25
59 19
60 13
61 17
62 11
63 31
64 100001
65 -16
66 19
67 -8
68 -14
69 -49
70 100014
71 23
72 -6
73 -30
74 100010
75 23
76 13
77 -34
78 29
79 19
80 -35
81 11
82 -30
83 11
84 100006
85 -33
86 19
87 19
88 37
89 37
90 -15
91 -100006
92 -55
93 11
94 37
95 -28
96 100011
97 31
98 19
99 -44
100 13
101 -8
102 -8
103 -9
104 -15
105 -7
106 31
107 29
108 11
109 -10
110 -34
111 -7
112 -16
113 -14
114 -34
115 -22
116 37
117 -20
118 11
119 -9
120 31
121 13
122 -5
123 29
124 -20
125 -10
126 -27
127 -12
128 13
129 -80
130 37
131 -5
132 19
133 -12
134 37
135 -15
136 13
137 -39
138 17
139 -35
140 -16
141 29
142 23
143 -7
144 -43
145 23
146 -6
147 -21
148 -22
149 31
150 -22
151 -10
152 -41
153 -30
154 -100011
155 -16
156 -100012
157 100013
158 -10
159 37
160 -9
161 100002
162 29
163 31
164 -7
165 -24
166 -30
167 37
168 31
169 23
170 -100001
171 -18
172 13
173 -100003
174 -14
175 31
176 -41
177 -57
178 29
179 13
180 -18
181 17
182 13
183 -16
184 19
185 37
186 13
187 13
188 11
189 -27
190 -100008
191 -41
192 -42
193 29
194 -20
195 -20
196 23
197 -18
198 100009
199 -100010
200 -15
201 -55
202 -16
203 11
204 -18
205 -49
206 11
207 17
208 19
209 -100004
210 -57
211 37
212 31
213 100004
214 19
215 19
216 29
217 31
218 -32
219 -10
220 19
221 13
222 -14
223 -27
224 37
225 17
226 -100014
227 -12
228 -44
229 19
230 -14
231 -24
232 -43
233 11
234 -10
235 37
236 17
237 -16
238 11
239 -9
240 17
241 -10
242 -33
243 29
244 37
245 13
246 -100015
247 19
248 -21
249 37
250 -100007
251 19
252 -16
253 -15
254 -12
255 -32
256 -14
257 23
258 -24
259 -6
260 37
261 -15
262 29
263 29
264 100012
265 19
266 19
267 -60
268 29
269 -100005
270 -7
271 -16
272 -53
273 -8
274 13
275 -6
276 -36
277 -6
278 37
279 -100002
280 100015
281 -10
282 -7
283 37
284 -50
285 13
286 11
287 37
288 -8
289 23
290 17
291 -25
292 -18
293 29
294 17
295 31
296 -51
297 13
298 -35
299 -36
300 37
