1 -18
2 29
3 -30
4 13
5 -100015
6 13
7 -7
8 -16
9 100026
10 100008
11 31
12 17
13 -6
14 37
15 -34
16 -20
17 -26
18 37
19 31
20 -73
21 19
22 37
23 37
24 -14
25 31
26 17
27 -35
28 -38
29 17
30 17
31 -33
32 100006
33 -6
34 13
35 19
36 -32
37 100021
38 19
39 -35
40 -12
41 -100029
42 100015
43 19
44 31
45 37
46 29
47 31
48 -14
49 -41
50 17
51 23
52 -16
53 -25
54 17
55 37
56 11
57 11
58 -40
59 -20
60 -18
61 13
62 -5
63 -14
64 29
65 31
66 -6
67 -21
68 -33
69 -12
70 -34
71 -10
72 -51
73 37
74 -5
75 11
76 -35
77 100017
78 -25
79 13
80 -25
81 23
82 100027
83 37
84 -9
85 -12
86 100023
87 37
88 37
89 17
90 -5
91 -14
92 19
93 37
94 -34
95 23
96 11
97 23
98 -9
99 -12
100 29
101 -16
102 -18
103 17
104 -6
105 -15
106 -24
107 -9
108 11
109 -20
110 -26
111 19
112 17
113 100013
114 37
115 -10
116 100030
117 31
118 -41
119 19
120 -32
121 -7
122 13
123 -52
124 37
125 -12
126 100024
127 31
128 -6
129 13
130 17
131 -45
132 -16
133 19
134 -18
135 13
136 -33
137 11
138 19
139 -18
140 -34
141 -8
142 37
143 -100002
144 -40
145 23
146 -16
147 31
148 29
149 -8
150 31
151 29
152 -27
153 -8
154 13
155 -12
156 -12
157 11
158 -100004
159 29
160 -18
161 -40
162 37
163 -22
164 31
165 -100021
166 29
167 -40
168 -8
169 100016
170 19
171 23
172 29
173 -100025
174 -21
175 -8
176 -6
177 -24
178 -48
179 -36
180 -16
181 -22
182 13
183 17
184 31
185 -71
186 19
187 -8
188 -16
189 19
190 -27
191 11
192 -8
193 -43
194 -63
195 23
196 -35
197 -6
198 -40
199 -8
200 -12
201 23
202 -67
203 11
204 13
205 -5
206 13
207 29
208 11
209 -15
210 31
211 17
212 23
213 -14
214 -100022
215 -49
216 17
217 -9
218 -28
219 -14
220 17
221 13
222 31
223 17
224 17
225 -25
226 -100007
227 17
228 -49
229 100035
230 -8
231 31
232 29
233 13
234 -28
235 -20
236 13
237 13
238 37
239 -10
240 17
241 -32
242 17
243 23
244 -100014
245 11
246 -32
247 -10
248 -24
249 -39
250 23
251 -36
252 -34
253 -9
254 19
255 -46
256 -12
257 -21
258 13
259 23
260 19
261 -43
262 -67
263 23
264 -20
265 31
266 100020
267 29
268 100005
269 31
270 -16
271 -5
272 -20
273 37
274 19
275 37
276 -6
277 -52
278 -22
279 -6
280 11
281 11
282 29
283 -100024
284 17
285 -32
286 -41
287 23
288 100009
289 -100028
290 31
291 -55
292 19
293 -25
294 17
295 -34
296 -6
297 -44
298 37
299 17
300 11
301 23
302 -8
303 -5
304 -42
305 29
306 -34
307 -27
308 -21
309 -7
310 31
311 -39
312 -15
313 100018
314 19
315 -100005
316 -6
317 23
318 -6
319 100034
320 23
321 -8
322 100029
323 100001
324 17
325 -14
326 11
327 -18
328 -100018
329 -20
330 19
331 -7
332 -27
333 -9
334 19
335 19
336 -10
337 11
338 -47
339 31
340 -12
341 -25
342 -36
343 11
344 -7
345 -100006
346 29
347 11
348 -5
349 31
350 19
351 37
352 100031
353 -18
354 29
355 -7
356 19
357 -42
358 -33
359 29
360 -100013
361 100011
362 23
363 100028
364 100012
365 -32
366 17
367 -100030
368 -5
369 29
370 -5
371 100032
372 31
373 -9
374 -30
375 11
376 -100034
377 17
378 -8
379 -10
380 -14
381 -5
382 -10
383 -21
384 -21
385 17
386 29
387 -18
388 -14
389 -47
390 29
391 -5
392 19
393 29
394 -36
395 31
396 13
397 13
398 19
399 13
400 19
401 31
402 17
403 -6
404 -7
405 29
406 -22
407 29
408 -12
409 23
410 23
411 11
412 17
413 11
414 -100033
415 19
416 -32
417 -100008
418 -6
419 19
420 17
421 -100001
422 -35
423 23
424 -56
425 -55
426 17
427 -16
428 -24
429 -12
430 17
431 -10
432 -18
433 11
434 31
435 -5
436 29
437 23
438 -33
439 100033
440 -42
441 37
442 -27
443 13
444 11
445 -41
446 -22
447 17
448 -5
449 100004
450 19
451 -33
452 -14
453 29
454 -30
455 100019
456 11
457 -18
458 -22
459 -5
460 37
461 -16
462 29
463 13
464 11
465 13
466 -18
467 -46
468 31
469 31
470 -100016
471 -16
472 -36
473 31
474 -28
475 -16
476 31
477 -6
478 -36
479 -10
480 13
481 100003
482 17
483 29
484 13
485 -10
486 -28
487 31
488 13
489 -100019
490 17
491 11
492 11
493 13
494 29
495 17
496 17
497 29
498 17
499 -100017
500 -100010
501 29
502 -5
503 11
504 -15
505 23
506 -48
507 -21
508 -9
509 -10
510 19
511 -14
512 19
513 -30
514 -100003
515 -5
516 -15
517 -10
518 19
519 -9
520 17
521 37
522 -8
523 31
524 19
525 17
526 -8
527 13
528 -15
529 -100032
530 -22
531 11
532 13
533 13
534 -28
535 13
536 13
537 -27
538 29
539 23
540 -27
541 -9
542 -33
543 -100027
544 17
545 -8
546 -15
547 -7
548 29
549 11
550 23
551 -100011
552 19
553 -6
554 -38
555 -42
556 23
557 -12
558 -20
559 100002
560 -6
561 17
562 29
563 11
564 29
565 31
566 31
567 19
568 -9
569 23
570 -52
571 19
572 19
573 -100009
574 11
575 13
576 23
577 -14
578 11
579 -100012
580 23
581 23
582 31
583 -10
584 -34
585 11
586 -6
587 31
588 23
589 -27
590 11
591 -28
592 13
593 11
594 31
595 -24
596 17
597 37
598 -27
599 13
600 -26
601 23
602 31
603 -100023
604 -36
605 -8
606 100022
607 -15
608 29
609 13
610 -10
611 -18
612 11
613 -42
614 -35
615 -7
616 -100020
617 -8
618 17
619 100007
620 17
621 37
622 -10
623 31
624 19
625 -38
626 -50
627 -51
628 31
629 100014
630 13
631 -5
632 -40
633 19
634 19
635 31
636 -10
637 17
638 -100031
639 100025
640 29
641 19
642 -44
643 -6
644 31
645 23
646 11
647 -5
648 -14
649 17
650 100010
651 37
652 -18
653 29
654 29
655 23
656 -14
657 37
658 -12
659 11
660 17
661 31
662 -10
663 -6
664 17
665 -25
666 -100026
667 -40
668 -91
669 -8
670 23
671 -26
672 37
673 -12
674 -5
675 -16
676 -7
677 -12
678 -51
679 -22
680 29
681 19
682 -5
683 -9
684 -12
685 -28
686 11
687 19
688 -10
689 -8
690 -26
691 -100035
692 -6
693 -24
694 23
695 11
696 -21
697 11
698 -39
699 -7
700 11
