1 17
2 -5
3 100006
4 13
5 11
6 29
7 -43
8 17
9 -100021
10 -100035
11 -100025
12 -6
13 19
14 -35
15 23
16 100009
17 -5
18 -16
19 29
20 -24
21 13
22 -57
23 17
24 11
25 -18
26 -9
27 -47
28 -10
29 11
30 31
31 11
32 -100039
33 -26
34 -52
35 -100032
36 17
37 37
38 -100034
39 100017
40 13
41 -100008
42 29
43 100020
44 -20
45 -100023
46 13
47 13
48 13
49 -9
50 -100044
51 17
52 37
53 37
54 -26
55 29
56 -7
57 19
58 -10
59 11
60 31
61 19
62 11
63 -16
64 -40
65 -15
66 23
67 19
68 -15
69 13
70 -100045
71 -14
72 11
73 -7
74 -25
75 -35
76 -16
77 -10
78 31
79 -20
80 31
81 -32
82 100015
83 11
84 11
85 23
86 -28
87 -8
88 -8
89 -18
90 17
91 -40
92 -59
93 -100006
94 100043
95 -25
96 -18
97 -15
98 100039
99 29
100 17
101 -100042
102 11
103 31
104 -45
105 31
106 13
107 29
108 23
109 37
110 -25
111 13
112 -5
113 17
114 19
115 -20
116 29
117 -16
118 29
119 19
120 31
121 100007
122 37
123 -100018
124 -12
125 -10
126 -16
127 31
128 -22
129 -21
130 -27
131 -25
132 37
133 -100012
134 -100033
135 29
136 100003
137 -5
138 17
139 -7
140 23
141 -6
142 -46
143 17
144 19
145 19
146 -56
147 -10
148 23
149 23
150 29
151 17
152 -7
153 23
154 -9
155 -57
156 -100016
157 -10
158 23
159 37
160 -14
161 31
162 17
163 -16
164 11
165 -21
166 19
167 -32
168 17
169 17
170 -7
171 -33
172 -44
173 13
174 -6
175 37
176 -32
177 29
178 -100020
179 -5
180 19
181 17
182 37
183 19
184 37
185 37
186 -100024
187 -46
188 19
189 13
190 11
191 31
192 19
193 11
194 -10
195 -24
196 29
197 37
198 100031
199 -30
200 -20
201 31
202 -26
203 -100015
204 -20
205 100004
206 -35
207 11
208 31
209 100041
210 17
211 13
212 -15
213 29
214 -75
215 11
216 -22
217 -7
218 29
219 -30
220 23
221 -8
222 -24
223 -12
224 37
225 31
226 17
227 37
228 31
229 37
230 11
231 -40
232 23
233 13
234 -26
235 -8
236 37
237 100035
238 37
239 -9
240 19
241 -26
242 -6
243 -32
244 100011
245 -27
246 13
247 -20
248 -40
249 19
250 23
251 37
252 -22
253 29
254 -18
255 -100031
256 11
257 37
258 -21
259 19
260 19
261 -34
262 -16
263 37
264 -9
265 -44
266 -8
267 -6
268 11
269 37
270 -46
271 19
272 -8
273 -16
274 100024
275 -14
276 -6
277 -100040
278 -10
279 -7
280 -18
281 29
282 29
283 -15
284 13
285 100023
286 31
287 37
288 -32
289 19
290 37
291 -18
292 13
293 -14
294 -100037
295 -28
296 -16
297 -10
298 11
299 -15
300 31
301 -100041
302 -21
303 23
304 19
305 11
306 13
307 23
308 13
309 37
310 -22
311 -30
312 11
313 -21
314 -100028
315 11
316 17
317 13
318 -53
319 31
320 19
321 -12
322 -41
323 -41
324 -7
325 -25
326 17
327 13
328 11
329 29
330 -5
331 37
332 29
333 31
334 -50
335 -14
336 -9
337 11
338 -9
339 100010
340 100028
341 -44
342 -20
343 37
344 -30
345 -10
346 23
347 -18
348 19
349 -39
350 -5
351 -9
352 31
353 29
354 19
355 23
356 100044
357 29
358 -6
359 29
360 -42
361 11
362 13
363 17
364 -21
365 -21
366 100038
367 -100029
368 -39
369 -21
370 11
371 23
372 -28
373 -15
374 -57
375 -30
376 31
377 -25
378 11
379 -43
380 37
381 -25
382 100002
383 19
384 37
385 -22
386 19
387 23
388 -41
389 -10
390 -5
391 -34
392 -5
393 -18
394 -16
395 -21
396 13
397 -100004
398 100037
399 100018
400 -100007
401 -5
402 100025
403 -15
404 -24
405 29
406 -100030
407 31
408 -27
409 -12
410 -16
411 -16
412 -8
413 19
414 17
415 -54
416 -8
417 -26
418 -32
419 23
420 17
421 23
422 13
423 -22
424 11
425 11
426 -12
427 11
428 -10
429 -39
430 29
431 -48
432 23
433 17
434 17
435 -35
436 29
437 -40
438 -8
439 -22
440 -100003
441 -39
442 -18
443 11
444 -100009
445 31
446 -57
447 -55
448 -47
449 37
450 19
451 13
452 17
453 -22
454 -15
455 -6
456 31
457 19
458 29
459 29
460 100032
461 29
462 37
463 -15
464 -100038
465 13
466 -22
467 -35
468 100001
469 100027
470 -30
471 37
472 -16
473 31
474 -21
475 -22
476 37
477 -55
478 13
479 -30
480 -22
481 -8
482 31
483 -14
484 23
485 17
486 -8
487 -33
488 -41
489 -16
490 -34
491 100019
492 31
493 29
494 -25
495 19
496 -100026
497 31
498 100029
499 11
500 -35
501 100033
502 23
503 -18
504 23
505 17
506 19
507 -42
508 -20
509 37
510 13
511 31
512 -22
513 -12
514 -22
515 11
516 13
517 -10
518 29
519 100036
520 17
521 31
522 23
523 13
524 13
525 11
526 -68
527 37
528 -32
529 -21
530 11
531 37
532 -18
533 -12
534 23
535 -59
536 13
537 -100027
538 23
539 37
540 11
541 -25
542 11
543 11
544 31
545 19
546 -55
547 -10
548 29
549 -24
550 -30
551 -8
552 19
553 29
554 31
555 -6
556 -35
557 -8
558 -25
559 -27
560 -5
561 100042
562 -28
563 29
564 31
565 -9
566 19
567 -12
568 -100036
569 -100002
570 29
571 19
572 17
573 29
574 19
575 11
576 -14
577 -8
578 -20
579 -36
580 -9
581 -5
582 -16
583 -27
584 -9
585 -8
586 -18
587 -5
588 -22
589 -28
590 -9
591 23
592 -5
593 -5
594 29
595 -5
596 11
597 100014
598 -15
599 -10
600 31
601 19
602 -16
603 -14
604 -5
605 37
606 -7
607 -100017
608 -7
609 11
610 -42
611 -82
612 -7
613 11
614 -6
615 -7
616 13
617 -39
618 37
619 31
620 17
621 29
622 -45
623 -15
624 -20
625 29
626 -10
627 -8
628 37
629 -35
630 -21
631 -18
632 -57
633 -14
634 -7
635 31
636 19
637 23
638 17
639 23
640 -66
641 -27
642 -25
643 31
644 -81
645 11
646 -15
647 -12
648 23
649 23
650 13
651 17
652 -16
653 31
654 13
655 23
656 -14
657 31
658 -22
659 13
660 -9
661 -42
662 31
663 13
664 -9
665 -7
666 -12
667 -21
668 -5
669 31
670 -36
671 -18
672 100034
673 29
674 31
675 -26
676 17
677 -59
678 -12
679 -20
680 19
681 -33
682 23
683 100013
684 -53
685 -24
686 19
687 -6
688 31
689 31
690 -38
691 37
692 23
693 17
694 -20
695 17
696 -15
697 23
698 -33
699 -26
700 13
701 -100010
702 -100001
703 -39
704 11
705 23
706 -20
707 23
708 11
709 -39
710 -32
711 13
712 23
713 11
714 13
715 -43
716 23
717 -5
718 -10
719 19
720 100005
721 -26
722 -8
723 -15
724 -6
725 29
726 -18
727 -8
728 -16
729 100030
730 -28
731 -100022
732 19
733 13
734 -35
735 -21
736 -42
737 37
738 11
739 37
740 -40
741 -16
742 -34
743 -5
744 13
745 29
746 100045
747 100016
748 13
749 -44
750 -25
751 -21
752 37
753 -7
754 11
755 13
756 -12
757 -28
758 11
759 -53
760 -7
761 37
762 -5
763 37
764 31
765 37
766 -27
767 31
768 17
769 -10
770 13
771 -21
772 100021
773 -32
774 31
775 100040
776 -30
777 29
778 -52
779 19
780 37
781 29
782 17
783 100026
784 19
785 -21
786 -100011
787 -15
788 23
789 -27
790 -7
791 -5
792 -10
793 13
794 -5
795 11
796 11
797 29
798 -100014
799 13
800 31
801 -6
802 31
803 -6
804 19
805 17
806 -6
807 -57
808 -21
809 -15
810 13
811 19
812 -51
813 13
814 -100013
815 -24
816 31
817 13
818 13
819 31
820 37
821 11
822 17
823 29
824 29
825 13
826 -7
827 -33
828 23
829 -42
830 37
831 -7
832 23
833 37
834 31
835 -48
836 100008
837 -6
838 -18
839 -45
840 11
841 17
842 37
843 -40
844 -24
845 13
846 29
847 -20
848 19
849 -100019
850 11
851 29
852 -100005
853 -20
854 19
855 -9
856 100022
857 -24
858 100012
859 -6
860 11
861 -24
862 19
863 -8
864 31
865 29
866 29
867 11
868 -24
869 -5
870 -26
871 11
872 -9
873 -30
874 -6
875 -10
876 11
877 11
878 23
879 -9
880 17
881 29
882 -8
883 37
884 11
885 -16
886 -34
887 -28
888 -18
889 -14
890 -100043
891 23
892 -58
893 19
894 -10
895 13
896 37
897 13
898 -26
899 -15
900 -28
