0 -36
1 12
2 22
3 -2
4 142
5 -10
6 3
7 56
8 117
9 -60
10 23
11 40
12 58
13 78
14 -28
15 -2
16 -9
17 -1
18 -16
19 -23
20 -99
21 -55
22 27
23 -12
24 -41
25 -8
26 -120
27 -26
28 -60
29 17
30 40
31 28
32 -44
33 -24
34 18
35 7
36 -67
37 67
38 54
39 11
40 1
41 -2
42 -19
43 22
44 33
45 -9
46 35
47 -2
48 -100
49 -86
50 34
51 71
52 17
53 28
54 -48
55 -16
56 -93
57 -42
58 99
59 81
60 -69
61 -57
62 -60
63 68
64 63
65 -62
66 98
67 -58
68 -71
69 83
70 51
71 58
72 -29
73 -43
74 -126
75 -18
76 -15
77 60
78 36
79 36
80 99
81 -35
82 26
83 -18
84 -4
85 -23
86 -4
87 -16
88 -51
89 120
90 -5
91 61
92 33
93 -63
94 -35
95 97
96 41
97 -9
98 26
99 1
100 -78
101 -1
102 -15
103 44
104 -102
105 30
106 -18
107 64
108 -49
109 28
110 -33
111 -55
112 11
113 -9
114 77
115 -74
116 -11
117 11
118 -106
119 45
120 44
121 -58
122 -91
123 68
124 -60
125 -10
126 72
127 -128
128 -108
129 36
130 105
131 100
132 21
133 -5
134 5
135 -37
136 -11
137 -147
138 -70
139 -37
140 19
141 28
142 -146
143 -46
144 -66
145 62
146 49
147 23
148 30
149 3
150 -24
151 -76
152 -10
153 -6
154 97
155 47
156 -58
157 -43
158 69
159 -64
160 18
161 117
162 2
163 -15
164 139
165 69
166 49
167 -69
168 22
169 -39
170 45
171 107
172 49
173 -31
174 -7
175 26
176 34
177 -26
178 -121
179 -3
180 18
181 -60
182 95
183 18
184 17
185 105
186 -60
187 -31
188 -65
189 -77
190 -86
191 -20
192 71
193 -10
194 124
195 70
196 -5
197 7
198 -62
199 -18
