1 31
2 -32
3 -43
4 -22
5 13
6 -35
7 29
8 19
9 29
10 -27
11 29
12 37
13 -12
14 -14
15 11
16 -8
17 13
18 -20
19 -7
20 23
21 -32
22 23
23 -100005
24 -24
25 17
26 -5
27 -21
28 -21
29 100003
30 31
31 31
32 -28
33 13
34 17
35 19
36 19
37 11
38 -100001
39 -100007
40 -25
41 100007
42 -7
43 -33
44 -8
45 -28
46 29
47 -56
48 19
49 -6
50 -22
51 -24
52 -9
53 19
54 -16
55 17
56 17
57 29
58 -45
59 -8
60 -27
61 -5
62 -25
63 -22
64 31
65 23
66 -10
67 -6
68 11
69 -26
70 -15
71 31
72 37
73 29
74 -8
75 -6
76 31
77 23
78 37
79 -21
80 13
81 -8
82 -7
83 17
84 -32
85 23
86 11
87 29
88 -38
89 -34
90 100010
91 -14
92 11
93 -15
94 100009
95 17
96 -22
97 13
98 -22
99 37
100 -43
101 31
102 -24
103 37
104 19
105 17
106 -41
107 -20
108 -21
109 -8
110 13
111 23
112 -26
113 19
114 -27
115 19
116 -46
117 31
118 37
119 -28
120 19
121 -57
122 37
123 -38
124 29
125 23
126 -46
127 -100003
128 100008
129 17
130 37
131 -12
132 23
133 -7
134 100004
135 11
136 31
137 -21
138 -100008
139 31
140 -30
141 -16
142 19
143 23
144 -8
145 100002
146 100005
147 19
148 -100010
149 -20
150 -33
151 -5
152 -43
153 -38
154 -12
155 17
156 31
157 31
158 100006
159 13
160 19
161 37
162 -10
163 -20
164 13
165 -58
166 -6
167 -10
168 -65
169 11
170 29
171 29
172 -100004
173 29
174 -15
175 -100006
176 -30
177 -45
178 17
179 37
180 -15
181 -28
182 -35
183 31
184 -100009
185 -30
186 17
187 23
188 17
189 31
190 19
191 -49
192 29
193 37
194 -20
195 -7
196 19
197 31
198 100001
199 -100002
200 13
