1 -22
2 64
3 84
4 84
5 39
6 -23
7 -25
8 -133
9 -24
10 5
11 89
12 42
13 58
14 67
15 54
16 87
17 -26
18 -2
19 90
20 69
21 -3
22 -9
23 93
24 62
25 -6
26 -92
27 -5
28 55
29 78
30 71
31 -10
32 -168
33 -83
34 30
35 -16
36 67
37 51
38 54
39 -23
40 -18
41 -10
42 -5
43 12
44 -1
45 56
46 28
47 70
48 49
49 -7
50 -4
51 -7
52 -28
53 24
54 -31
55 -8
56 -8
57 -3
58 48
59 -4
60 -66
61 87
62 -107
63 89
64 -76
65 30
66 -47
67 -69
68 -1
69 67
70 69
71 17
72 82
73 -23
74 -1
75 93
76 -51
77 -17
78 6
79 -29
80 58
81 -1
82 -40
83 -7
84 -5
85 -19
86 44
87 45
88 38
89 89
90 -33
91 55
92 60
93 -1
94 -55
95 7
96 -10
97 -1
98 77
99 68
100 79
101 -50
102 -83
103 60
104 59
105 77
106 30
107 -16
108 63
109 50
110 -1
111 68
112 28
113 -43
114 70
115 9
116 -6
117 69
118 -32
119 80
120 -1
121 4
122 -46
123 54
124 -6
125 -11
126 16
127 30
128 -1
129 -1
130 83
131 56
132 28
133 -9
134 -164
135 -48
136 -26
137 -15
138 -40
139 -4
140 -75
141 46
142 25
143 98
144 -20
145 -6
146 55
147 -1
148 66
149 -50
150 5
151 -13
152 -54
153 -12
154 -34
155 3
156 -7
157 -1
158 -22
159 -26
160 30
161 -277
162 -6
163 -27
164 61
165 51
166 29
167 -1
168 33
169 -1
170 44
171 -1
172 23
173 67
174 -3
175 45
176 47
177 -14
178 100
179 -38
180 -2
181 66
182 -80
183 56
184 97
185 -28
186 71
187 69
188 45
189 -37
190 2
191 -58
192 17
193 -1
194 49
195 82
196 -1111
197 -119
198 95
199 -3
200 -1
201 58
202 44
203 70
204 61
205 -1
206 45
207 8
208 -2
209 -9
210 -1
211 -95
212 51
213 42
214 -303
215 -1
216 16
217 -1
218 -2
219 -7
220 -35
221 97
222 6
223 11
224 -196
225 90
226 13
227 60
228 35
229 54
230 -77
231 -3
232 77
233 44
234 -16
235 -22
236 -16
237 3
238 -22
239 -1
240 4
241 42
242 38
243 -10
244 1
245 76
246 21
247 -837
248 -7
249 -5
250 40
251 61
252 -6
253 22
254 62
255 60
256 -2
257 -237
258 31
259 -19
260 -16
261 74
262 -21
263 -48
264 -7
265 20
266 21
267 77
268 -9
269 12
270 8
271 -1
272 -10
273 62
274 52
275 15
276 56
277 -6
278 7
279 59
280 -165
281 -2
282 -30
283 51
284 77
285 4
286 25
287 -73
288 94
289 56
290 -5
291 -12
292 -58
293 -19
294 -156
295 -48
296 -1
297 -2
298 -9
299 56
300 -2
301 -2
302 48
303 73
304 36
305 -83
306 -51
307 15
308 -17
309 -4
310 -3
311 -11
312 -32
313 42
314 38
315 -4
316 100
317 -13
318 -17
319 47
320 -26
321 -82
322 -81
323 -47
324 99
325 47
326 -17
327 59
328 -76
329 -7
330 -14
331 58
332 49
333 22
334 52
335 -3
336 -3
337 -44
338 85
339 -23
340 -2
341 77
342 34
343 9
344 -11
345 -3
346 -104
347 -15
348 -3
349 -380
350 55
351 -127
352 -4
353 -4
354 -39
355 45
356 -57
357 -22
358 67
359 -3
360 -299
361 -22
362 21
363 24
364 -9
365 -1
366 -122
367 30
368 -1
369 -9
370 84
371 32
372 -12
373 -5
374 -26
375 100
376 3
377 67
378 70
379 56
380 38
381 38
382 -5
383 -6
384 41
385 -10
386 -29
387 3
388 -9
389 63
390 59
391 -7
392 -2
393 48
394 76
395 -41
396 -28
397 -194
398 -65
399 -5
400 -11
401 78
402 -32
403 -28
404 -18
405 -3
406 7
407 -3
408 45
409 90
410 -60
411 -45
412 89
413 -2
414 -53
415 47
416 -1
417 -24
418 -17
419 100
420 -41
421 66
422 77
423 -7
424 14
425 3
426 -214
427 46
428 -67
429 -564
430 3
431 80
432 88
433 10
434 13
435 -5
436 40
437 61
438 81
439 24
440 -1
441 -1
442 -14
443 15
444 4
445 -279
446 -5
447 -2
448 87
449 -25
450 -5
451 -17
452 -32
453 21
454 -180
455 -8
456 -11
457 11
458 44
459 60
460 66
461 -13
462 71
463 -1
464 -22
465 47
466 -3
467 21
468 -29
469 -64
470 32
471 -1
472 92
473 69
474 6
475 48
476 34
477 91
478 -11
479 -41
480 27
481 -39
482 67
483 -58
484 48
485 -16
486 -75
487 -1
488 32
489 -1
490 -6
491 -53
492 -50
493 -7
494 99
495 52
496 37
497 10
498 -57
499 18
500 -209
