1 101
2 137
3 92
4 99
5 -98
6 -109
7 129
8 -96
9 113
10 -106
11 134
12 153
13 108
14 147
15 -112
16 -163
17 -103
18 -99
19 -103
20 -87
21 97
22 122
23 -100
24 -120
25 -94
26 -92
27 -107
28 -91
29 -105
30 -88
31 96
32 -106
33 100
34 -133
35 -108
36 134
37 92
38 164
39 -100
40 -114
41 -135
42 -82
43 100
44 -95
45 -109
46 92
47 -104
48 102
49 -100
50 -200
51 -101
52 139
53 -132
54 100
55 132
56 -87
57 -110
58 95
59 -88
60 101
61 -99
62 -86
63 -103
64 102
65 101
66 99
67 106
68 -92
69 -113
70 136
71 104
72 99
73 152
74 95
75 -137
76 145
77 -83
78 121
79 148
80 144
81 -102
82 81
83 105
84 -87
85 -100
86 -93
87 129
88 -97
89 96
90 -116
91 83
92 -102
93 -108
94 84
95 116
96 -105
97 111
98 156
99 108
100 -100
