1 3197
2 -3197
3 4940
4 -4940
5 2235
6 -267
7 -351
8 -1617
9 4819
10 -2738
11 -2081
12 2854
13 -2854
14 168
15 -168
16 4613
17 -4613
18 3680
19 -3016
20 -664
21 1366
22 -163
23 -1203
24 1300
25 -791
26 -509
27 740
28 -740
29 2639
30 -2639
31 1471
32 -1471
33 1605
34 -1605
35 230
36 -230
37 207
38 -124
39 -83
40 4112
41 -4112
42 4562
43 -4354
44 -208
45 547
46 -232
47 -315
48 4655
49 -4655
50 1613
51 -1613
52 2631
53 -2631
54 3776
55 -3776
56 2596
57 -636
58 -1960
59 2320
60 -789
61 -1531
62 549
63 -549
64 303
65 -225
66 -1
67 -77
68 4730
69 -4730
70 2001
71 -2001
72 4555
73 -4555
74 1743
75 -1564
76 -179
77 3248
78 -787
79 -620
80 -1841
81 4455
82 -3289
83 -1166
84 471
85 -466
86 -5
87 3932
88 -3932
89 4183
90 -4183
91 4374
92 -4374
93 2393
94 -2393
95 1358
96 -1358
97 1542
98 -1146
99 -396
100 1155
101 -1155
102 552
103 -291
104 -261
105 3494
106 -1417
107 -2077
108 2199
109 -2199
110 4921
111 -4142
112 -779
113 2293
114 -1201
115 -1092
116 4389
117 -4389
118 735
119 -621
120 -114
121 3079
122 -3079
123 3298
124 -3298
125 3149
126 -3149
127 2540
128 -2540
129 2332
130 -2332
131 3087
132 -1876
133 -1211
134 629
135 -629
136 4781
137 -4781
138 392
139 -392
140 2970
141 -2723
142 -247
143 2580
144 -2580
145 1897
146 -509
147 -1388
148 641
149 -37
150 -374
151 -230
152 3657
153 -1870
154 -1549
155 -238
156 2142
157 -2142
158 629
159 -629
160 1288
161 -1288
162 759
163 -759
164 3784
165 -1097
166 -960
167 -1727
168 1367
169 -1367
170 260
171 2192
172 -1012
173 -131
174 -1309
175 4168
176 -603
177 -3565
178 2286
179 -2286
180 4643
181 -4643
182 863
183 -863
184 3141
185 -3141
186 1380
187 -1380
188 1782
189 -1782
190 2490
191 -2490
192 2680
193 -2680
194 3805
195 -3805
196 2497
197 -779
198 -635
199 -789
200 -294
