1 -360
2 -96
3 209
4 -202
5 -240
6 -323
7 -548
8 449
9 -242
10 -486
11 -425
12 356
13 -76
14 497
15 -39
16 422
17 -51
18 -269
19 485
20 496
21 -274
22 163
23 188
24 110
25 -86
26 50
27 223
28 -74
29 382
30 -17
31 -2466
32 134
33 -467
34 -74
35 -479
36 438
37 -302
38 -24
39 202
40 112
41 -114
42 210
43 380
44 -292
45 -1174
46 79
47 232
48 205
49 361
50 -82
51 46
52 467
53 -33
54 62
55 -242
56 -230
57 432
58 -391
59 -246
60 -147
61 -308
62 82
63 380
64 315
65 219
66 493
67 489
68 -109
69 10
70 -382
71 -117
72 -364
73 -48
74 -423
75 -220
76 -254
77 85
78 88
79 -5
80 -159
81 542
82 596
83 -221
84 -147
85 -65
86 178
87 401
88 391
89 -16
90 253
91 175
92 -361
93 -191
94 352
95 -412
96 -1500
97 -230
98 294
99 101
100 639
101 323
102 -144
103 -178
104 -380
105 -128
106 95
107 -383
108 473
109 49
110 -206
111 133
112 -332
113 -182
114 385
115 35
116 -336
117 150
118 118
119 -194
120 -36
121 5
122 455
123 197
124 306
125 434
126 -485
127 446
128 -14
129 393
130 7
131 120
132 264
133 365
134 350
135 -7
136 -52
137 65
138 281
139 -19
140 333
141 -456
142 20
143 -290
144 358
145 -48
146 -371
147 300
148 -263
149 -188
150 65
151 -398
152 -229
153 -111
154 -133
155 1
156 -5
157 496
158 210
159 376
160 -450
161 443
162 306
163 -196
164 -127
165 400
166 -321
167 183
168 307
169 235
170 379
171 124
172 55
173 -131
174 -348
175 66
176 43
177 435
178 -251
179 138
180 -163
181 -317
182 -398
183 -390
184 54
185 -161
186 -268
187 278
188 121
189 -52
190 395
191 51
192 -304
193 431
194 492
195 456
196 -227
197 600
198 285
199 294
200 -276
201 -148
202 -65
203 -265
204 709
205 -407
206 167
207 -189
208 85
209 179
210 393
211 354
212 -498
213 -217
214 -152
215 191
216 390
217 311
218 -398
219 220
220 190
221 -223
222 -378
223 386
224 751
225 -492
226 -406
227 -166
228 -168
229 -942
230 -187
231 113
232 63
233 -488
234 500
235 -33
236 -338
237 238
238 -244
239 618
240 -162
241 -27
242 -255
243 434
244 -216
245 -405
246 -244
247 -206
248 -448
249 443
250 38
251 -1075
252 190
253 104
254 -218
255 494
256 -95
257 -227
258 -321
259 -270
260 -464
261 278
262 -466
263 -189
264 -61
265 -446
266 389
267 -191
268 -383
269 10
270 -80
271 101
272 -81
273 -340
274 -374
275 -354
276 148
277 -140
278 153
279 -171
280 -297
281 206
282 1290
283 93
284 -83
285 -1192
286 274
287 -463
288 -306
289 -79
290 -269
291 -263
292 323
293 14
294 -19
295 374
296 151
297 -478
298 -123
299 366
300 -380
301 500
302 -211
303 -311
304 65
305 281
306 70
307 381
308 -486
309 -478
310 -459
311 344
312 -399
313 -401
314 -211
315 -6
316 146
317 256
318 134
319 -420
320 435
321 -395
322 -326
323 -453
324 193
325 344
326 3
327 323
328 199
329 266
330 280
331 174
332 321
333 216
334 -256
335 384
336 -460
337 -486
338 -274
339 7
340 -4
341 179
342 233
343 265
344 296
345 -93
346 484
347 21
348 325
349 -685
350 -164
351 342
352 205
353 -381
354 349
355 463
356 -474
357 -20
358 225
359 228
360 270
361 -160
362 142
363 163
364 74
365 -56
366 340
367 -127
368 -770
369 420
370 140
371 -259
372 -198
373 -28
374 371
375 276
376 -110
377 -140
378 109
379 -187
380 150
381 333
382 341
383 -126
384 103
385 -48
386 144
387 5425
388 406
389 273
390 312
391 -205
392 278
393 -491
394 308
395 -463
396 13
397 385
398 341
399 -123
400 -424
401 -87
402 -279
403 466
404 101
405 330
406 277
407 124
408 90
409 357
410 310
411 182
412 -176
413 -21
414 -152
415 470
416 -108
417 -348
418 -230
419 469
420 437
421 -120
422 43
423 202
424 391
425 -330
426 -79
427 -261
428 493
429 318
430 488
431 346
432 483
433 149
434 -353
435 -209
436 -172
437 -366
438 120
439 56
440 137
441 -425
442 -19
443 -21
444 -261
445 260
446 -298
447 -400
448 -384
449 281
450 -54
451 -42
452 -371
453 -343
454 373
455 -6
456 163
457 467
458 -428
459 9
460 -211
461 103
462 272
463 -195
464 -371
465 -1441
466 365
467 305
468 -165
469 455
470 165
471 -970
472 -66
473 140
474 143
475 323
476 -355
477 264
478 71
479 188
480 -407
481 257
482 -39
483 -439
484 64
485 216
486 -35
487 -430
488 372
489 -410
490 263
491 207
492 -169
493 425
494 -342
495 -434
496 -483
497 462
498 198
499 222
500 48
501 425
502 -49
503 465
504 -18
505 -288
506 222
507 -34
508 -49
509 344
510 161
511 -377
512 -260
513 465
514 466
515 -340
516 487
517 200
518 913
519 -175
520 -232
521 -417
522 -33
523 309
524 -90
525 -75
526 410
527 492
528 99
529 175
530 -348
531 57
532 161
533 490
534 123
535 3
536 -498
537 -200
538 -339
539 352
540 214
541 -20
542 -315
543 391
544 -184
545 -243
546 -471
547 -295
548 390
549 -373
550 976
551 -439
552 330
553 -366
554 456
555 206
556 215
557 262
558 -427
559 592
560 -94
561 252
562 -424
563 408
564 249
565 79
566 -1182
567 188
568 -270
569 135
570 -250
571 -450
572 -133
573 352
574 -254
575 56
576 2
577 -408
578 -47
579 -35
580 -107
581 -59
582 186
583 82
584 -379
585 -90
586 -331
587 -443
588 90
589 43
590 176
591 430
592 598
593 372
594 108
595 154
596 -429
597 -228
598 -43
599 214
600 -170
601 -475
602 405
603 -197
604 1040
605 -1427
606 -345
607 145
608 -111
609 -261
610 -1
611 173
612 283
613 -264
614 194
615 132
616 66
617 -590
618 -316
619 734
620 170
621 167
622 274
623 311
624 264
625 -445
626 -110
627 -413
628 488
629 393
630 -307
631 -82
632 -303
633 432
634 1062
635 -154
636 -207
637 192
638 76
639 26
640 -258
641 -312
642 141
643 -206
644 -153
645 -405
646 -219
647 -384
648 -13
649 -356
650 2
651 -148
652 -46
653 226
654 471
655 -5084
656 424
657 37
658 -108
659 46
660 -393
661 -244
662 64
663 490
664 241
665 -448
666 1399
667 -454
668 -186
669 140
670 153
671 -16
672 -408
673 294
674 425
675 241
676 -198
677 -436
678 -1145
679 291
680 -177
681 12
682 -93
683 93
684 52
685 -251
686 309
687 98
688 35
689 -222
690 488
691 -239
692 -50
693 -1017
694 203
695 -268
696 378
697 63
698 -499
699 263
700 -126
701 291
702 124
703 -221
704 -10
705 190
706 262
707 477
708 177
709 -255
710 -58
711 -225
712 486
713 390
714 -237
715 -566
716 -88
717 89
718 266
719 573
720 52
721 -467
722 -314
723 435
724 380
725 135
726 -284
727 102
728 -352
729 318
730 -211
731 -223
732 473
733 68
734 -499
735 -36
736 -75
737 500
738 19
739 -445
740 -77
741 430
742 -194
743 97
744 153
745 -154
746 -418
747 -376
748 -11
749 -305
750 -130
751 111
752 -266
753 219
754 2011
755 -2424
756 397
757 -418
758 -321
759 608
760 407
761 -205
762 30
763 59
764 278
765 31
766 -361
767 239
768 -460
769 -471
770 -201
771 340
772 -28
773 282
774 311
775 -198
776 -345
777 238
778 243
779 -351
780 179
781 -198
782 -30
783 87
784 101
785 -29
786 -205
787 -105
788 848
789 -199
790 8
791 158
792 208
793 -398
794 -365
795 -408
796 -110
797 147
798 -202
799 311
800 443
