1 -1
2 -4
3 -2
4 10
5 -10
6 -9
7 7
8 9
9 -2
10 4
11 -5
12 -1
13 -2
14 -4
15 10
16 5
17 -6
18 -2
19 -7
20 -9
21 -2
22 -2
23 4
24 -10
25 4
26 -2
27 9
28 10
29 6
30 2
31 2
32 9
33 -10
34 -9
35 -6
36 3
37 10
38 -5
39 3
40 1
41 5
42 8
43 -9
44 -9
45 7
46 5
47 9
48 3
49 2
50 -9
51 -4
52 -6
53 -2
54 -10
55 -1
56 -4
57 8
58 -2
59 5
60 6
61 4
62 -1
63 -10
64 -9
65 3
66 3
67 7
68 2
69 -8
70 3
71 -1
72 8
73 8
74 -7
75 -2
76 -5
77 -5
78 -5
79 -9
80 10
81 10
82 10
83 -1
84 2
85 2
86 -7
87 -7
88 6
89 6
90 -7
91 7
92 9
93 5
94 -9
95 10
96 -7
97 4
98 7
99 7
100 6
101 -7
102 -8
103 -8
104 -8
105 -8
106 5
107 4
108 8
109 3
110 -6
111 -9
112 8
113 -8
114 2
115 7
116 -9
117 1
118 -9
119 5
120 -2
121 -6
122 -2
123 -9
124 5
125 7
126 10
127 8
128 -5
129 -6
130 -5
131 6
132 -4
133 -2
134 8
135 -5
136 -5
137 -3
138 -3
139 -5
140 -1
141 -5
142 8
143 -3
144 4
145 7
146 5
147 -4
148 -10
149 10
150 5
151 -4
152 -3
153 -8
154 9
155 -7
156 -7
157 5
158 -9
159 8
160 9
161 1
162 2
163 7
164 3
165 -6
166 6
167 -10
168 -10
169 -2
170 -1
171 5
172 7
173 2
174 -5
175 8
176 8
177 -4
178 -2
179 5
180 -7
181 -10
182 -10
183 2
184 3
185 -5
186 -1
187 -4
188 5
189 10
190 6
191 10
192 -7
193 6
194 -6
195 1
196 -9
197 -2
198 -3
199 7
200 -3
201 8
202 10
203 -5
204 -3
205 -6
206 -2
207 -6
208 6
209 -2
210 10
211 2
212 -5
213 -8
214 -8
215 6
216 -1
217 1
218 6
219 -3
220 -3
221 3
222 -4
223 10
224 1
225 3
226 -2
227 3
228 -8
229 3
230 -3
231 2
232 10
233 -10
234 9
235 8
236 -5
237 7
238 -9
239 -7
240 2
241 3
242 5
243 -6
244 6
245 -9
246 7
247 -2
248 -4
249 8
250 6
251 -8
252 -6
253 3
254 -8
255 5
256 9
257 -7
258 1
259 -9
260 -1
261 -3
262 3
263 -1
264 2
265 -4
266 8
267 -6
268 8
269 7
270 -7
271 3
272 3
273 -7
274 8
275 -5
276 -5
277 6
278 -5
279 -3
280 7
281 3
282 3
283 -1
284 2
285 -9
286 -9
287 7
288 -8
289 9
290 3
291 -6
292 -4
293 9
294 -1
295 9
296 -2
297 -10
298 8
299 -1
300 -4
301 -9
302 1
303 -7
304 -9
305 3
306 8
307 -4
308 8
309 -6
310 3
311 9
312 -4
313 -4
314 3
315 8
316 3
317 -4
318 -6
319 -7
320 6
321 -8
322 8
323 -7
324 -5
325 9
326 7
327 -7
328 -5
329 9
330 7
331 1
332 1
333 10
334 -2
335 9
336 9
337 -1
338 -9
339 -2
340 -1
341 -8
342 5
343 -3
344 -3
345 -6
346 2
347 -3
348 -9
349 9
350 -6
351 6
352 -2
353 -7
354 6
355 4
356 7
357 -1
358 8
359 -6
360 -8
361 -10
362 3
363 -8
364 -2
365 5
366 3
367 4
368 7
369 -8
370 -8
371 -6
372 6
373 7
374 6
375 1
376 8
377 7
378 -2
379 5
380 -8
381 3
382 2
383 -10
384 -7
385 -6
386 6
387 9
388 -8
389 5
390 -4
391 -10
392 -9
393 -5
394 6
395 -5
396 2
397 8
398 -2
399 -8
400 10
401 6
402 -10
403 3
404 10
405 4
406 -2
407 7
408 8
409 -6
410 1
411 -8
412 7
413 -8
414 4
415 -3
416 4
417 9
418 6
419 -10
420 -9
421 2
422 9
423 -4
424 1
425 -9
426 4
427 -2
428 -8
429 -3
430 -3
431 1
432 5
433 -7
434 4
435 10
436 -1
437 -1
438 -8
439 -3
440 -3
441 7
442 -5
443 6
444 2
445 -5
446 -2
447 6
448 9
449 4
450 -6
451 3
452 -2
453 -5
454 -7
455 5
456 -4
457 3
458 6
459 -3
460 -2
461 6
462 9
463 -4
464 3
465 -8
466 -4
467 -1
468 7
469 6
470 8
471 -7
472 9
473 4
474 2
475 -4
476 -10
477 -6
478 4
479 -3
480 -5
481 2
482 -6
483 -7
484 2
485 3
486 -2
487 3
488 10
489 -2
490 1
491 7
492 7
493 -2
494 -8
495 -8
496 -10
497 8
498 -5
499 2
500 -1
501 -2
502 3
503 8
504 6
505 6
506 -4
507 -6
508 2
509 1
510 -8
511 -2
512 -1
513 2
514 9
515 -10
516 7
517 8
518 -10
519 9
520 -3
521 8
522 -5
523 -9
524 2
525 -5
526 -4
527 -3
528 -4
529 -6
530 7
531 -8
532 4
533 4
534 5
535 -10
536 2
537 -3
538 9
539 -1
540 8
541 7
542 9
543 -6
544 -7
545 7
546 -3
547 -4
548 5
549 -6
550 1
551 6
552 -1
553 -1
554 -3
555 -4
556 -9
557 -1
558 -2
559 -2
560 1
561 5
562 -2
563 10
564 2
565 -8
566 -7
567 4
568 -3
569 6
570 6
571 -10
572 6
573 3
574 -6
575 -4
576 3
577 2
578 4
579 5
580 6
581 6
582 -2
583 -4
584 -7
585 -2
586 -5
587 -2
588 -5
589 -1
590 -3
591 -9
592 4
593 -5
594 5
595 7
596 1
597 6
598 -3
599 9
600 1