1 -62456
2 86284
3 -26229
4 16989
5 -48225
6 35990
7 -13530
8 -30204
9 -143654
10 -28532
11 -49654
12 -57872
13 5925
14 73712
15 68850
16 4535
17 6667
18 14498
19 -16256
20 -19930
21 22691
22 31334
23 65464
24 -25896
25 -98147
26 54367
27 13886
28 -52211
29 -85316
30 191872
31 -73593
32 2784
33 -53375
34 -30136
35 1356
36 160082
37 -2496
38 -61786
39 1258
40 -13057
41 6666
42 -1334
43 60051
44 -66141
45 -2853
46 -16600
47 -77486
48 -64865
49 48113
50 -26589
51 32611
52 -13627
53 -171533
54 -59111
55 10019
56 -9099
57 58575
58 -6748
59 33722
60 4337
61 99874
62 127179
63 16970
64 -49638
65 49952
66 350315
67 -78644
68 -32566
69 -8901
70 6119
71 -21796
72 21004
73 96771
74 10656
75 35709
76 -2893
77 9913
78 33252
79 -10670
80 -67785
81 -56748
82 70837
83 -4544
84 -35639
85 -2501
86 -148296
87 -8079
88 4518
89 54342
90 -119766
91 92657
92 -15689
93 1668
94 333424
95 -16759
96 -72114
97 -188193
98 9604
99 -111262
100 4547
101 90952
102 24340
103 -64058
104 7051
105 89277
106 -3489
107 44695
108 -2291
109 14335
110 24442
111 36362
112 22410
113 1788
114 -29335
115 -40114
116 -35393
117 -23717
118 -131782
119 11911
120 41339
121 -77167
122 93773
123 -5143
124 1399
125 -445451
126 -4211
127 -12372
128 51296
129 68555
130 -8935
131 -41534
132 10463
133 1469
134 34158
135 1014
136 -5222
137 -3185
138 4754
139 3946
140 20121
141 4638
142 4710
143 62808
144 10909
145 -89074
146 205975
147 -4861
148 -3141
149 51793
150 8867
