1 13
2 31
3 -100004
4 -28
5 13
6 37
7 -100003
8 -10
9 11
10 -5
11 -22
12 11
13 37
14 13
15 -7
16 37
17 -20
18 13
19 37
20 23
21 -100013
22 -33
23 -45
24 -27
25 37
26 23
27 -55
28 -5
29 17
30 13
31 -38
32 23
33 -24
34 -28
35 -33
36 -12
37 37
38 37
39 29
40 37
41 31
42 37
43 100012
44 13
45 19
46 31
47 -5
48 13
49 -42
50 -10
51 -12
52 19
53 11
54 13
55 -100005
56 11
57 -38
58 -14
59 -9
60 37
61 -100008
62 -100012
63 -8
64 -8
65 -9
66 -21
67 31
68 -71
69 13
70 -8
71 -18
72 23
73 -14
74 -25
75 13
76 -20
77 -16
78 29
79 -6
80 -62
81 -45
82 -6
83 -55
84 37
85 -22
86 11
87 29
88 11
89 -16
90 -28
91 -100006
92 17
93 11
94 -43
95 17
96 -28
97 -8
98 -100016
99 13
100 13
101 29
102 31
103 -18
104 -38
105 37
106 31
107 11
108 29
109 -10
110 -8
111 13
112 37
113 13
114 13
115 -6
116 -24
117 31
118 -48
119 23
120 -5
121 11
122 23
123 31
124 -25
125 17
126 13
127 100015
128 -83
129 13
130 -12
131 37
132 -12
133 37
134 -14
135 -33
136 17
137 29
138 -16
139 19
140 19
141 -9
142 -9
143 -9
144 -5
145 -20
146 100004
147 100002
148 19
149 17
150 13
151 -7
152 11
153 -100011
154 31
155 -18
156 19
157 -14
158 100020
159 37
160 11
161 13
162 19
163 -7
164 100011
165 -15
166 100013
167 19
168 37
169 -111
170 -28
171 100001
172 -100001
173 -38
174 -44
175 -12
176 -5
177 13
178 -7
179 -6
180 -22
181 -40
182 17
183 -28
184 13
185 -10
186 11
187 13
188 100018
189 17
190 -8
191 -57
192 -100018
193 -10
194 13
195 29
196 29
197 -25
198 17
199 31
200 -22
201 -100019
202 29
203 31
204 -15
205 37
206 29
207 -20
208 13
209 17
210 -100002
211 13
212 11
213 -5
214 17
215 37
216 37
217 23
218 -15
219 -9
220 -100017
221 100006
222 -28
223 -12
224 -6
225 19
226 -8
227 13
228 29
229 -5
230 -22
231 -52
232 -21
233 100008
234 -32
235 23
236 37
237 -7
238 13
239 17
240 -51
241 -96
242 -30
243 -100014
244 31
245 13
246 -26
247 100019
248 17
249 17
250 100009
251 -6
252 -26
253 31
254 -16
255 31
256 -5
257 29
258 -18
259 13
260 -33
261 -16
262 -5
263 -30
264 29
265 100007
266 23
267 13
268 -33
269 31
270 23
271 -50
272 29
273 13
274 29
275 37
276 100014
277 -12
278 31
279 -6
280 -100010
281 19
282 -33
283 37
284 -100015
285 23
286 -26
287 31
288 17
289 -8
290 -14
291 11
292 -14
293 -30
294 -16
295 31
296 -8
297 -15
298 37
299 -15
300 -21
301 -6
302 11
303 -5
304 37
305 19
306 29
307 -53
308 23
309 19
310 29
311 -56
312 -8
313 -30
314 37
315 100016
316 29
317 -14
318 -7
319 -22
320 -40
321 29
322 -20
323 11
324 19
325 -8
326 11
327 29
328 -34
329 -9
330 -27
331 -16
332 -6
333 100017
334 -100009
335 31
336 11
337 -12
338 11
339 100010
340 -22
341 -33
342 -20
343 31
344 -9
345 11
346 17
347 11
348 -39
349 13
350 -18
351 -10
352 19
353 -21
354 31
355 -14
356 -52
357 -30
358 29
359 31
360 -20
361 -8
362 11
363 -100007
364 37
365 37
366 -62
367 17
368 -28
369 17
370 37
371 -16
372 13
373 19
374 -34
375 -20
376 19
377 -5
378 11
379 17
380 -50
381 -12
382 -18
383 29
384 -25
385 13
386 -100020
387 -30
388 13
389 -69
390 -18
391 11
392 -21
393 -22
394 -7
395 -10
396 100005
397 29
398 -8
399 100003
400 -7
