1 -100118
2 -26
3 19
4 21
5 -12
6 10
7 -100003
8 -65
9 -100025
10 -17
11 -100002
12 -25
13 29
14 -100059
15 -100089
16 27
17 -100013
18 -100109
19 -22
20 -100012
21 -36
22 -100062
23 23
24 10
25 17
26 -30
27 -100111
28 -100056
29 -100029
30 -100071
31 -42
32 -100024
33 45
34 -33
35 -100006
36 -42
37 33
38 -44
39 -100045
40 -100034
41 8
42 -2
43 -27
44 -3
45 -100001
46 -2
47 100096
48 -35
49 -100004
50 9
51 37
52 17
53 20
54 7
55 24
56 23
57 100115
58 37
59 23
60 -100038
61 -30
62 -100047
63 31
64 100058
65 -100066
66 -17
67 28
68 -100044
69 -29
70 -2
71 100086
72 37
73 -100036
74 -26
75 -100011
76 -5
77 -100033
78 100068
79 -100090
80 -31
81 29
82 -16
83 -6
84 80
85 100032
86 100042
87 43
88 -100088
89 3
90 24
91 -100042
92 37
93 -100112
94 41
95 -100052
96 37
97 100080
98 14
99 -100046
100 -100078
101 15
102 -16
103 37
104 18
105 -100105
106 -100063
107 6
108 15
109 100043
110 13
111 100060
112 23
113 -42
114 -52
115 1
116 33
117 2
118 43
119 -100023
120 -1
121 14
122 -22
123 -100043
124 100059
125 -20
126 40
127 -14
128 40
129 -4
130 100007
131 -100091
132 5
133 -100099
134 100104
135 100070
136 -8
137 11
138 -100113
139 -10
140 38
141 -61
142 28
143 -100110
144 -45
145 70
146 100090
147 -32
148 -100076
149 42
150 11
151 21
152 -32
153 7
154 -100084
155 -11
156 -16
157 -13
158 -100095
159 -100107
160 -100081
161 -36
162 25
163 -8
164 -44
165 6
166 -44
167 -26
168 -44
169 33
170 -22
171 -100057
172 23
173 -100085
174 6
175 -100103
176 -100102
177 100014
178 61
179 -44
180 85
181 11
182 12
183 6
184 -25
185 -100074
186 63
187 -100079
188 100045
189 -45
190 -100096
191 9
192 -41
193 -100037
194 30
195 38
196 -41
197 43
198 -45
199 -26
200 -16
201 33
202 28
203 65
204 100114
205 100076
206 -13
207 38
208 -18
209 30
210 4
211 -100080
212 65
213 -20
214 2
215 -100018
216 -40
217 27
218 100110
219 -1
220 35
221 4
222 -100114
223 -23
224 -39
225 -100016
226 30
227 26
228 4
229 15
230 -38
231 -100067
232 -3
233 17
234 -1
235 -21
236 37
237 35
238 -26
239 -100040
240 -51
241 -5
242 43
243 -31
244 100109
245 -100022
246 -25
247 36
248 -6
249 -100058
250 -27
251 -100007
252 -15
253 8
254 63
255 -100041
256 -54
257 30
258 100094
259 -44
260 30
261 100116
262 -65
263 -39
264 -50
265 -100106
266 21
267 -39
268 56
269 -17
270 5
271 -3
272 2
273 -36
274 -10
275 25
276 -32
277 -42
278 -1
279 13
280 59
281 87
282 6
283 100034
284 -4
285 25
286 -11
287 41
288 24
289 -38
290 23
291 100011
292 44
293 -100019
294 -20
295 100054
296 -7
297 -100015
298 31
299 -35
300 -91
301 -7
302 -39
303 -30
304 -14
305 45
306 -29
307 13
308 75
309 -100068
310 -45
311 -100083
312 -65
313 -30
314 -39
315 4
316 -41
317 -35
318 100106
319 -56
320 -22
321 -8
322 41
323 -43
324 -33
325 9
326 21
327 -100075
328 100073
329 100050
330 -25
331 61
332 37
333 -15
334 23
335 -100065
336 41
337 -100094
338 28
339 -100116
340 -7
341 -18
342 -36
343 100036
344 -34
345 8
346 12
347 32
348 -2
349 -13
350 1
351 -18
352 28
353 45
354 -43
355 -26
356 1
357 -100087
358 8
359 3
360 38
361 -8
362 -8
363 32
364 100103
365 100028
366 -7
367 9
368 -16
369 -36
370 34
371 -2
372 -9
373 -10
374 19
375 84
376 -2
377 100091
378 -16
379 -21
380 38
381 37
382 26
383 39
384 -36
385 -45
386 -1
387 -100064
388 39
389 -22
390 -36
391 -39
392 34
393 10
394 -17
395 38
396 -74
397 -60
398 15
399 44
400 -74
401 7
402 41
403 100062
404 -42
405 5
406 35
407 -100010
408 50
409 100056
410 -41
411 31
412 29
413 -42
414 -8
415 26
416 100081
417 14
418 4
419 100077
420 -41
421 -51
422 1
423 -5
424 -19
425 -5
426 19
427 -25
428 -29
429 39
430 34
431 34
432 33
433 -4
434 -18
435 3
436 73
437 -100008
438 100108
439 -8
440 -27
441 100002
442 100052
443 -100053
444 -18
445 -37
446 -18
447 -100031
448 -8
449 20
450 16
451 3
452 -4
453 39
454 100012
455 55
456 16
457 100031
458 37
459 -100117
460 -41
461 9
462 28
463 3
464 100057
465 9
466 100088
467 -100119
468 -36
469 20
470 -15
471 8
472 -29
473 1
474 23
475 18
476 100009
477 -44
478 100112
479 20
480 -63
481 8
482 -19
483 22
484 33
485 7
486 -71
487 100038
488 -15
489 100027
490 -15
491 4
492 -39
493 32
494 -9
495 19
496 15
497 29
498 40
499 19
500 -30
501 -42
502 11
503 23
504 -48
505 -28
506 27
507 -3
508 -73
509 24
510 -38
511 -20
512 19
513 42
514 -20
515 -2
516 29
517 3
518 -8
519 -100050
520 -11
521 -100115
522 -25
523 -6
524 -1
525 -100070
526 -24
527 45
528 17
529 42
530 28
531 -30
532 20
533 100099
534 27
535 -100061
536 16
537 -100077
538 -41
539 6
540 -25
541 -100108
542 21
543 69
544 -6
545 26
546 34
547 -64
548 -10
549 30
550 -12
551 -10
552 -89
553 100018
554 12
555 7
556 -60
557 -38
558 57
559 -28
560 57
561 26
562 -44
563 -100101
564 26
565 -26
566 37
567 100047
568 -26
569 -100039
570 -36
571 31
572 100015
573 -26
574 42
575 22
576 -28
577 -43
578 16
579 -100020
580 -56
581 73
582 71
583 21
584 -15
585 18
586 -4
587 -18
588 26
589 -12
590 -38
591 -41
592 23
593 -100035
594 -27
595 19
596 -71
597 -26
598 27
599 100107
600 63
601 -100051
602 100098
603 -11
604 -29
605 11
606 1
607 -6
608 -62
609 -100055
610 100087
611 -100100
612 -37
613 12
614 100079
615 -100014
616 -41
617 -12
618 -13
619 58
620 -93
621 22
622 -91
623 -32
624 9
625 24
626 45
627 -6
628 100039
629 13
630 100048
631 100085
632 -71
633 100021
634 -17
635 36
636 -15
637 1
638 -36
639 22
640 33
641 -29
642 -41
643 -4
644 -30
645 28
646 -38
647 -100086
648 -43
649 14
650 -43
651 -33
652 -27
653 30
654 -14
655 23
656 43
657 -59
658 -18
659 -100097
660 58
661 -28
662 20
663 100082
664 -21
665 -100048
666 100040
667 13
668 1
669 -100027
670 100010
671 -32
672 22
673 -39
674 5
675 -37
676 -3
677 -27
678 -7
679 100046
680 100101
681 100074
682 -19
683 -15
684 -40
685 -20
686 4
687 11
688 -42
689 -100030
690 19
691 -42
692 -15
693 23
694 -8
695 17
696 100069
697 -100026
698 26
699 42
700 -23
701 -32
702 8
703 16
704 -7
705 3
706 100092
707 -100082
708 23
709 6
710 10
711 -16
712 10
713 7
714 100022
715 20
716 3
717 -16
718 -11
719 100053
720 100041
721 30
722 -2
723 9
724 -7
725 100063
726 -60
727 -100072
728 -20
729 10
730 31
731 100030
732 -35
733 -1
734 -10
735 45
736 -37
737 100016
738 -25
739 20
740 100061
741 37
742 100095
743 -31
744 -72
745 21
746 6
747 -38
748 -45
749 -16
750 100066
751 7
752 -27
753 -16
754 33
755 28
756 13
757 3
758 -25
759 6
760 100117
761 64
762 100019
763 -13
764 1
765 -5
766 100113
767 -100054
768 -2
769 -5
770 24
771 100035
772 100075
773 -9
774 100008
775 -26
776 33
777 100089
778 100006
779 28
780 -10
781 100044
782 100078
783 -100069
784 -4
785 32
786 -13
787 -48
788 -30
789 43
790 -10
791 27
792 -39
793 -28
794 28
795 31
796 15
797 -100009
798 36
799 -23
800 100017
801 44
802 79
803 35
804 100049
805 28
806 -39
807 25
808 38
809 -25
810 -18
811 100055
812 -7
813 -13
814 23
815 -100104
816 13
817 14
818 100026
819 47
820 30
821 -25
822 11
823 8
824 -43
825 -8
826 100071
827 -50
828 33
829 -100049
830 100105
831 40
832 26
833 40
834 41
835 -41
836 -3
837 29
838 17
839 15
840 41
841 -32
842 28
843 -8
844 13
845 -63
846 -17
847 -3
848 100065
849 -100093
850 12
851 22
852 -25
853 -26
854 -23
855 -31
856 -54
857 -41
858 41
859 -1
860 -10
861 2
862 -36
863 13
864 21
865 -15
866 100064
867 -100028
868 42
869 -42
870 100100
871 -26
872 -19
873 -100017
874 41
875 100067
876 38
877 -97
878 42
879 -30
880 30
881 -45
882 -34
883 -15
884 -24
885 34
886 7
887 -34
888 100037
889 16
890 100020
891 -39
892 40
893 -100098
894 27
895 1
896 27
897 22
898 100102
899 -29
900 100025
901 -100021
902 8
903 100111
904 -12
905 -12
906 -1
907 100033
908 100003
909 -20
910 7
911 44
912 30
913 39
914 18
915 29
916 20
917 26
918 -8
919 61
920 21
921 -100120
922 -6
923 -33
924 17
925 36
926 100072
927 100051
928 -24
929 -62
930 100093
931 -72
932 40
933 1
934 12
935 35
936 -34
937 -19
938 -4
939 -100060
940 2
941 100084
942 100029
943 100024
944 -35
945 31
946 100004
947 -34
948 -19
949 -29
950 14
951 67
952 -15
953 41
954 22
955 30
956 19
957 100001
958 33
959 21
960 -12
961 21
962 15
963 100097
964 -41
965 -13
966 40
967 -1
968 100013
969 100023
970 100119
971 -45
972 23
973 -5
974 100118
975 -38
976 24
977 -8
978 29
979 32
980 -10
981 -100005
982 100120
983 -8
984 100005
985 23
986 -4
987 -17
988 -37
989 -100032
990 -44
991 42
992 44
993 -100092
994 25
995 -21
996 14
997 -1
998 100083
999 42
1000 -100073
